data/asc/PuenteDuero/348_4602_2017_alt95.asc
ncols 200 
nrows 200 
xllcenter 348005.000 
yllcenter 4600005.000 
cellsize 10.000 
nodata_value -9999 
[rows 0 to 34 of 200, columns 79 to 157 of 200]
14.75 14.53 0.09 14.57 0.16 6.42 13.32 12.72 13.21 13.62 0.16 10.06 14.54 14.38 13.97 9.08 8.67 0.14 13.27 13.73 13.60 11.32 14.14 13.69 13.00 0.12 0.13 14.33 0.13 0.07 0.17 0.09 4.62 0.09 4.39 4.83 0.12 14.39 0.15 0.28 0.15 0.11 5.17 9.38 8.77 6.82 13.18 13.74 13.10 13.98 4.17 10.85 14.87 13.79 14.09 14.20 0.09 10.34 0.67 11.23 10.89 0.12 13.52 13.16 14.34 0.08 9.09 11.42 10.86 11.35 12.55 12.42 12.05 10.04 11.00 11.32 10.31 0.14 11.11
14.75 13.64 14.82 13.25 9.28 7.98 7.73 0.22 12.84 12.59 9.35 9.07 7.74 0.15 13.63 14.23 14.54 13.13 13.49 13.46 14.21 12.04 12.69 12.68 13.15 12.31 0.07 14.44 15.04 0.10 5.71 5.86 0.06 9.02 7.46 9.37 14.57 15.33 0.15 0.20 0.61 12.54 10.92 14.60 7.48 0.16 14.27 13.56 13.46 13.34 14.28 14.05 14.63 13.35 14.05 13.84 15.36 15.94 0.69 13.47 13.47 15.04 14.93 13.66 15.17 0.07 8.76 12.50 12.51 11.39 12.25 12.03 11.71 0.16 10.89 10.96 11.51 11.91 11.94
13.12 13.39 14.62 13.50 1.02 9.37 13.79 10.43 8.21 13.32 14.56 0.11 2.42 7.19 6.81 13.22 14.50 0.11 0.18 12.12 0.11 14.15 13.83 13.06 13.63 12.22 6.90 5.86 14.92 0.11 5.54 9.61 0.08 14.16 13.74 8.44 0.14 2.05 13.69 15.72 0.15 0.11 14.15 15.04 13.08 12.84 0.76 13.78 13.73 13.06 13.28 13.17 14.21 13.02 12.99 13.43 14.71 15.42 0.15 12.46 12.84 14.89 14.87 13.99 5.10 13.89 13.58 12.90 12.76 11.36 11.83 0.11 0.14 10.92 9.83 12.07 12.36 12.13 12.87
13.39 11.77 8.73 15.56 7.81 6.97 12.10 9.47 8.65 13.65 14.45 15.18 14.41 7.75 0.12 14.46 15.03 14.25 14.03 12.92 0.10 11.70 11.27 13.51 13.41 12.75 13.13 0.12 0.10 9.91 0.11 10.13 5.98 13.62 14.04 5.39 14.23 14.13 13.14 14.94 0.12 1.08 1.48 12.14 12.63 12.68 14.83 13.71 13.36 12.19 13.31 0.13 15.50 13.46 0.93 0.19 14.37 14.41 2.08 4.08 0.19 0.16 13.86 13.42 13.20 13.52 13.84 11.92 11.51 12.40 12.72 0.10 12.14 11.01 11.75 11.44 11.56 11.37 13.32
11.77 7.53 8.47 15.14 7.82 7.30 10.02 0.12 13.19 13.55 8.66 7.53 10.36 11.36 12.41 15.10 15.25 14.93 13.22 12.44 13.57 0.12 0.11 13.93 13.08 13.15 14.70 8.14 7.94 11.45 13.57 13.93 14.93 9.18 14.07 13.79 13.87 13.74 0.13 11.90 5.74 0.10 0.12 11.20 13.44 12.05 10.78 13.21 12.90 12.74 13.07 12.41 15.54 11.92 10.12 13.92 13.40 11.81 2.03 0.19 0.14 0.09 0.08 13.80 13.65 14.39 8.86 11.78 0.10 0.19 11.91 12.72 12.38 12.44 12.81 11.07 10.77 10.14 10.75
12.52 12.01 14.20 14.34 14.54 7.16 0.07 8.72 11.58 13.68 12.63 0.14 11.86 11.66 7.01 8.27 14.11 15.19 13.15 12.62 0.09 6.70 10.66 11.89 12.06 0.09 14.32 0.06 13.26 13.74 13.52 12.80 14.48 4.37 13.93 9.69 0.06 13.35 14.27 11.69 12.61 12.59 13.00 13.70 14.02 12.82 11.46 11.65 11.97 13.17 12.83 11.20 0.15 14.25 2.73 13.87 14.05 12.09 0.30 12.08 12.52 5.09 0.08 0.12 0.08 0.10 16.32 12.18 11.92 12.02 12.86 12.97 12.75 11.66 13.25 13.09 10.87 11.32 12.38
14.11 13.96 7.51 7.21 15.18 13.25 8.98 1.92 8.35 9.41 12.79 10.70 6.60 2.47 0.46 8.03 6.56 12.31 14.03 14.40 0.14 0.09 10.93 10.95 12.63 11.74 10.89 8.91 7.82 0.09 8.85 13.87 14.91 13.53 15.04 14.68 13.69 0.50 15.01 14.71 11.55 13.42 13.65 13.18 10.84 13.54 13.69 13.45 0.08 13.43 13.15 13.26 12.28 12.81 1.64 14.29 0.49 14.59 15.12 3.99 10.23 0.14 13.77 12.06 14.85 14.70 16.74 11.09 12.50 12.70 11.34 0.20 12.50 13.95 13.48 13.46 11.01 11.43 10.99
8.61 8.60 0.11 13.57 14.17 15.53 8.42 14.16 9.52 0.11 9.80 0.26 10.56 8.43 8.25 8.08 6.89 8.01 6.02 0.14 10.71 12.48 12.04 12.31 13.42 12.49 13.96 12.89 4.85 7.35 13.16 2.53 0.11 0.12 0.12 12.47 12.18 0.19 13.57 0.18 10.90 4.31 13.19 11.94 11.84 1.68 13.03 13.88 13.59 11.61 11.72 11.57 11.31 12.74 0.14 13.69 0.26 13.61 13.39 12.12 0.14 0.17 12.42 6.87 14.88 15.51 9.80 11.05 11.67 12.50 12.94 12.53 12.28 0.20 12.49 12.22 11.63 10.67 12.36
8.60 6.47 14.99 14.49 8.49 7.12 8.58 14.60 8.41 8.81 5.62 6.63 14.77 15.30 14.82 14.78 14.07 15.23 14.58 14.09 14.01 4.70 11.80 11.87 13.81 5.74 11.81 0.13 13.09 13.27 13.56 12.20 13.31 14.72 15.20 13.11 13.80 0.10 10.73 13.43 10.90 14.04 13.74 13.55 12.45 12.66 12.93 0.09 7.00 11.24 11.55 8.19 2.04 13.70 13.84 11.45 5.81 13.13 12.65 13.78 0.23 12.59 11.26 0.13 12.89 13.84 9.10 10.57 12.54 12.92 12.81 14.49 14.11 11.58 11.03 11.88 12.16 11.29 12.15
0.12 0.14 14.99 15.54 15.67 11.03 7.37 13.91 14.03 14.93 4.60 7.78 6.20 13.74 14.57 14.80 13.76 14.35 14.11 14.80 14.58 14.61 5.28 13.43 13.35 13.03 13.29 13.67 14.63 12.46 12.21 12.43 12.86 0.84 0.12 12.74 12.60 0.14 12.20 12.61 0.09 13.52 0.14 0.13 12.07 11.83 13.39 13.96 8.51 13.33 13.28 13.52 13.31 0.18 12.95 12.40 0.37 0.25 14.42 13.63 0.12 13.36 13.20 14.06 14.26 13.63 7.90 8.68 0.20 12.71 12.93 11.83 10.64 0.73 0.09 0.09 0.10 13.02 12.36
13.90 0.09 15.22 15.56 15.37 10.43 9.29 8.20 1.88 15.18 14.76 14.97 14.17 1.72 16.27 16.31 14.75 7.98 13.92 8.52 9.60 14.59 14.83 11.48 15.64 13.35 13.13 13.48 13.45 12.22 0.19 12.56 13.35 12.62 14.56 15.35 0.11 13.38 12.83 10.26 11.92 11.80 13.72 10.72 0.16 13.39 13.58 14.29 0.11 12.30 0.19 2.70 13.50 9.83 13.83 14.38 0.57 0.10 11.94 12.29 6.39 13.14 13.04 6.78 12.17 13.44 10.12 10.92 11.16 11.71 10.83 11.46 0.14 11.02 0.08 0.11 11.01 9.46 0.12
0.07 0.06 14.04 13.07 14.91 14.07 9.61 15.05 14.97 15.62 1.57 14.67 15.72 14.37 0.98 16.28 16.25 15.53 10.29 15.17 9.76 6.85 14.74 2.22 14.27 14.27 13.04 11.77 14.11 14.05 14.25 13.59 11.67 0.07 8.03 7.14 13.46 14.16 13.95 14.12 0.09 6.63 10.57 9.96 12.72 13.41 13.68 12.87 12.92 12.67 8.33 0.16 10.30 10.45 11.16 13.98 15.36 13.39 5.70 12.95 0.07 12.83 13.02 14.49 12.55 12.69 0.07 0.06 0.14 0.09 10.93 11.01 0.13 9.14 10.76 10.63 11.52 10.64 10.71
5.42 0.10 8.34 13.46 13.18 14.33 12.60 12.07 14.36 14.80 15.70 16.22 15.67 17.13 0.13 16.09 16.41 15.38 17.44 17.28 15.64 13.47 14.81 14.27 15.57 15.26 13.34 0.14 14.32 13.99 13.96 11.93 11.86 0.10 0.12 14.84 13.46 11.13 9.83 13.00 11.41 11.88 0.16 0.12 12.95 15.03 14.70 12.49 13.00 12.95 2.61 15.58 9.33 0.43 10.88 0.10 10.92 6.84 9.97 11.77 12.81 12.61 12.73 14.48 0.10 14.95 14.60 7.26 12.96 12.94 12.04 7.26 10.57 11.43 10.09 0.31 9.06 10.35 0.14
13.80 13.49 12.73 0.13 13.40 0.18 14.20 0.25 14.31 14.30 0.13 15.66 15.77 16.06 14.85 15.35 16.19 16.14 16.78 16.77 15.60 16.35 14.58 13.82 13.41 13.59 13.38 13.86 10.08 12.25 12.74 13.26 13.62 11.48 12.14 14.39 12.64 12.09 11.37 13.07 13.20 11.71 12.28 14.17 9.38 0.39 14.54 14.55 0.26 12.50 14.60 15.94 1.72 8.37 11.92 9.50 12.50 12.18 7.31 13.63 13.37 13.32 12.37 11.91 5.57 12.74 12.36 9.30 12.07 12.25 11.72 11.80 9.96 10.84 0.42 11.29 11.81 10.43 10.02
13.68 14.06 12.96 0.08 13.46 13.44 11.58 14.05 14.23 15.67 14.11 12.99 0.13 0.13 14.53 12.78 0.19 0.22 0.18 15.16 15.31 14.20 14.15 14.41 12.89 11.64 12.96 14.62 15.20 11.78 0.10 13.54 13.84 12.07 14.11 14.42 0.08 13.97 14.15 0.10 0.18 11.97 13.15 13.70 10.20 0.13 14.88 15.29 0.18 10.25 10.69 9.46 0.79 14.98 14.31 14.63 14.50 5.50 6.39 13.33 14.02 0.08 0.96 5.78 13.92 14.29 6.05 7.62 0.08 0.09 11.22 9.97 11.16 10.56 0.09 10.50 10.78 12.05 9.29
9.82 11.46 13.34 12.71 12.70 13.16 11.88 14.28 14.66 13.83 14.66 0.20 0.14 12.64 14.19 14.55 14.76 12.83 12.65 14.92 14.24 13.54 12.79 14.14 13.19 0.09 0.13 14.30 14.81 13.51 0.12 13.62 13.73 12.04 11.63 14.26 13.00 8.47 12.76 3.14 14.01 9.83 9.87 8.93 0.14 16.23 0.19 4.52 9.04 9.54 8.32 9.71 11.09 11.83 0.07 14.19 14.18 8.27 6.46 6.39 5.52 11.74 13.23 12.76 12.03 13.55 6.37 8.67 9.00 11.73 0.15 10.49 10.39 10.86 2.50 10.46 10.04 11.88 9.61
12.48 4.40 11.18 10.54 11.65 13.02 13.13 14.42 14.21 13.41 12.90 11.73 11.22 13.61 14.05 10.83 12.60 13.98 14.13 13.05 12.80 14.52 13.60 14.67 13.77 13.59 12.65 10.24 12.77 5.68 12.15 13.68 0.10 11.32 13.25 13.34 11.60 8.90 0.13 0.10 0.08 0.08 10.12 13.66 13.35 17.03 10.50 9.75 0.07 0.08 8.86 8.28 11.09 11.31 0.16 0.08 5.71 6.28 5.79 11.83 6.14 7.42 12.12 12.10 10.86 1.32 9.94 9.82 9.11 0.10 11.70 10.76 10.76 10.96 10.55 0.09 8.99 9.89 9.40
12.72 12.66 14.19 14.05 13.57 13.20 13.96 14.16 11.78 13.57 13.59 13.34 12.70 12.81 13.79 12.58 0.12 0.15 0.17 12.06 13.63 13.29 15.35 14.68 14.06 0.17 11.14 0.09 12.56 12.99 12.98 0.07 14.18 8.88 12.40 0.12 1.70 13.09 10.73 9.19 0.08 11.25 12.18 12.32 0.15 0.13 10.31 10.88 6.73 13.93 13.58 11.84 12.01 2.87 13.36 13.03 11.81 6.47 12.93 11.81 11.78 11.83 12.02 0.08 12.70 13.02 11.83 12.43 12.03 0.09 10.88 10.33 10.83 10.89 10.90 9.35 8.60 9.19 11.08
0.09 13.48 11.94 13.69 12.77 13.28 13.28 13.69 12.80 13.12 13.56 13.57 13.46 11.44 12.22 11.56 14.97 14.28 13.99 11.35 10.92 13.30 16.03 15.78 0.08 0.10 10.72 10.03 10.86 12.85 0.08 0.08 0.11 12.46 14.09 15.01 0.08 12.77 14.55 13.85 13.84 8.44 11.42 10.66 13.46 8.69 8.34 0.05 8.94 10.93 0.07 13.15 13.77 14.52 14.55 12.26 10.59 12.17 3.20 0.16 2.24 12.20 13.30 0.07 10.37 13.64 5.49 12.44 6.04 9.69 10.16 9.67 10.55 9.87 11.44 8.42 9.93 10.47 10.54
1.57 12.62 14.54 13.27 0.06 15.02 14.29 13.76 12.44 11.04 14.10 14.32 14.34 9.61 15.07 15.17 10.46 11.06 11.55 10.97 0.14 13.73 15.15 14.70 0.15 11.01 13.01 11.87 14.34 10.45 14.25 1.00 13.99 14.55 1.45 14.26 13.15 12.52 12.58 12.66 12.62 12.02 14.07 13.37 13.32 13.01 0.84 9.19 8.07 13.34 13.60 13.88 12.76 14.15 14.52 11.52 13.24 13.44 12.82 12.53 10.87 13.40 13.34 4.87 12.09 4.96 12.79 10.97 11.15 10.41 9.88 9.71 9.09 9.26 10.65 9.52 11.57 10.55 10.83
12.57 12.16 14.69 0.07 13.45 14.55 14.08 13.61 10.79 10.49 13.94 14.16 9.46 9.18 0.09 14.92 9.83 10.19 12.82 0.17 0.11 0.09 0.08 13.15 12.84 13.79 12.76 10.16 13.84 13.30 12.95 14.23 14.15 10.33 10.15 0.11 13.61 13.23 12.45 12.69 12.63 11.49 13.69 12.89 0.06 12.30 14.79 0.07 0.06 14.38 13.80 11.90 12.71 5.01 14.54 12.99 12.02 12.59 13.51 12.78 2.02 0.10 0.12 12.83 10.62 12.30 11.68 11.91 11.88 11.60 8.70 10.45 11.55 9.97 11.14 11.50 10.64 9.17 9.53
13.90 14.89 13.47 13.75 14.85 13.30 0.13 12.44 10.83 0.19 0.83 15.13 11.49 0.11 0.16 5.46 0.54 6.61 13.15 0.48 0.12 12.90 0.11 0.11 9.55 13.17 11.59 13.81 14.09 11.76 11.09 11.26 10.31 11.08 9.75 0.12 9.34 9.81 10.22 0.08 9.30 0.08 8.69 8.56 8.35 0.06 13.58 12.86 12.49 6.49 1.33 0.08 13.61 12.49 12.55 0.07 13.40 13.33 13.55 12.22 13.60 13.42 1.20 12.43 9.59 11.98 13.00 11.97 11.48 11.37 10.45 10.63 11.55 7.80 2.34 10.39 9.02 9.36 2.40
0.29 13.66 16.42 0.09 14.66 14.52 10.20 0.12 12.28 13.55 13.60 14.69 12.50 13.44 11.33 13.55 13.66 12.14 13.35 0.13 10.90 12.71 10.95 12.94 9.45 9.77 1.77 5.92 0.16 0.16 11.82 11.98 0.07 7.02 8.39 10.04 11.02 9.20 13.47 9.92 8.53 12.87 13.10 13.65 12.97 7.50 14.22 13.12 12.55 12.99 6.87 0.08 0.06 13.40 12.01 12.29 12.85 12.37 13.57 0.44 13.54 13.77 13.82 11.42 13.31 9.52 14.15 11.73 12.29 12.07 10.27 10.79 10.31 10.01 10.79 11.06 9.58 3.37 10.14
14.01 13.89 16.55 12.14 12.41 0.09 15.32 15.04 11.81 13.29 0.26 0.12 0.14 11.98 0.12 12.99 13.01 14.24 13.18 15.12 15.13 0.11 0.14 13.06 0.11 1.17 10.33 0.08 13.68 12.93 11.25 12.03 12.23 9.46 10.36 10.02 12.78 13.28 14.36 13.63 9.90 13.10 13.42 13.42 6.41 11.03 13.11 13.56 4.57 12.77 13.71 14.09 13.06 11.82 13.96 13.63 12.28 1.46 13.93 12.61 13.30 12.74 13.34 13.40 13.85 14.51 13.21 12.29 11.38 13.00 11.95 10.69 10.15 10.33 11.94 11.19 10.85 11.06 10.45
14.26 0.07 11.56 8.33 13.22 11.31 14.91 14.18 10.41 0.08 10.84 10.65 11.70 10.02 0.08 10.82 11.91 13.81 12.84 0.11 9.31 0.32 0.17 10.02 14.89 14.54 11.05 0.08 14.72 14.63 0.07 0.07 14.38 12.82 10.32 10.06 11.94 14.53 14.28 13.68 0.14 0.24 12.72 13.14 11.50 11.07 12.05 13.85 14.29 5.58 12.81 12.52 4.37 2.63 2.17 12.87 12.57 13.05 11.41 11.69 12.61 13.56 12.54 11.00 0.14 14.01 0.08 12.66 12.49 12.14 0.27 10.65 10.34 11.02 11.62 11.39 11.28 10.05 9.89
13.85 12.34 12.41 0.13 13.21 0.11 12.52 11.94 10.79 10.62 11.24 11.42 12.45 0.08 11.43 10.59 11.14 11.81 13.63 11.21 7.53 15.02 9.19 10.45 0.10 9.02 14.26 0.07 8.76 0.07 14.65 13.34 14.26 12.10 10.23 10.61 8.82 0.12 12.51 13.99 13.92 7.71 13.34 0.11 8.35 13.41 13.57 13.78 13.87 0.08 11.87 6.72 14.26 13.49 0.07 12.73 12.63 11.57 11.94 2.88 12.14 12.15 11.80 1.99 12.99 13.96 13.51 12.62 12.01 0.21 0.10 0.09 0.22 0.09 12.19 11.50 11.08 10.61 11.01
0.09 0.09 9.60 13.18 13.80 8.59 14.45 13.93 10.89 12.27 12.27 12.75 12.92 7.94 0.10 10.86 12.23 12.69 13.93 11.63 0.09 15.21 13.71 9.96 10.71 9.06 14.20 12.92 12.74 13.59 14.63 13.44 14.26 0.08 13.19 9.01 14.22 1.67 12.72 13.49 12.75 7.33 13.26 6.07 14.41 14.16 15.22 12.63 12.83 11.96 0.08 13.22 13.36 0.08 12.27 12.58 12.62 11.93 12.15 11.70 13.40 12.10 12.38 12.40 13.07 0.09 12.78 11.70 0.17 0.17 0.10 0.10 0.14 0.19 0.15 0.15 10.78 0.23 10.21
0.11 0.07 11.70 13.45 14.21 0.08 9.96 0.07 8.97 5.35 0.07 0.12 4.51 5.62 9.39 11.42 11.16 11.66 14.14 9.64 14.44 15.04 10.08 10.08 7.00 8.38 8.26 14.95 13.57 13.71 13.57 12.34 14.79 13.75 14.01 0.09 14.48 12.61 13.10 15.02 0.06 15.59 10.25 14.46 14.51 0.29 14.50 13.36 13.93 14.91 11.14 12.49 13.82 14.11 12.35 11.50 10.90 11.13 0.13 0.09 13.16 13.08 10.52 0.15 0.12 13.97 0.12 0.06 14.20 12.58 14.87 13.38 13.53 12.94 12.73 0.14 0.17 10.20 11.02
9.31 0.07 0.10 0.07 0.07 0.12 10.37 12.86 13.04 13.27 0.06 0.33 2.51 11.85 12.35 12.13 0.09 7.70 8.27 14.61 14.58 13.74 10.07 10.53 8.87 8.53 9.33 14.84 13.07 13.04 0.10 12.21 12.15 6.21 12.93 6.19 12.88 0.07 14.86 15.07 1.61 14.40 13.03 13.90 7.07 8.50 0.08 6.47 13.14 14.80 12.12 12.23 7.08 14.33 13.65 10.72 0.19 0.16 0.10 0.08 13.05 13.46 13.98 13.57 0.08 14.45 12.01 14.29 13.95 1.07 13.44 12.92 13.81 12.06 11.51 11.75 12.98 13.73 12.97
0.08 0.23 15.00 1.73 8.87 6.66 0.09 13.28 0.08 10.54 0.07 0.10 8.25 11.87 11.64 12.69 14.36 14.86 14.35 14.32 14.10 13.64 1.26 11.35 13.60 12.92 12.64 13.01 0.09 0.06 0.14 7.24 12.88 13.36 13.32 14.10 12.63 13.11 13.35 14.49 10.57 12.98 10.59 6.83 9.77 12.36 0.12 13.93 14.47 14.18 0.23 0.12 0.16 0.19 0.11 0.11 0.11 0.09 0.52 12.99 0.13 12.78 13.53 13.53 12.07 0.07 13.54 0.13 0.09 14.85 15.59 15.01 13.08 0.09 11.98 12.85 12.90 12.45 11.33
0.07 3.97 13.63 8.98 9.25 14.26 13.22 13.77 0.10 13.32 13.44 12.25 8.27 9.02 11.35 12.23 14.45 14.90 14.67 1.24 7.60 14.07 0.08 8.98 13.38 13.46 7.57 12.96 11.19 14.61 14.54 12.39 12.37 13.96 14.32 13.51 13.73 13.08 0.07 12.65 10.88 6.31 0.12 0.12 0.11 11.60 0.14 11.53 13.59 14.71 0.13 0.15 0.80 13.65 13.54 4.92 15.67 15.99 8.15 11.79 0.11 12.68 14.09 14.56 10.14 0.69 12.80 14.04 14.09 15.28 0.10 0.11 14.15 0.11 11.39 12.28 12.14 10.84 11.48
12.86 12.93 13.08 2.48 9.42 13.34 12.69 13.92 13.10 12.79 12.52 0.09 9.82 10.37 0.09 12.38 11.34 13.01 13.84 10.95 13.59 14.20 12.81 13.50 9.51 1.51 0.18 9.07 8.40 13.46 13.75 11.96 6.20 14.11 12.99 13.43 13.48 13.21 0.79 0.10 0.12 0.11 0.12 0.14 0.10 0.10 0.15 7.21 5.42 14.53 13.30 5.10 7.32 14.13 14.22 0.09 15.96 15.63 0.10 0.11 0.09 0.10 0.08 14.48 14.45 14.71 13.98 14.43 15.58 15.27 10.17 10.14 0.12 12.39 0.19 6.18 12.09 0.14 12.21
13.98 13.08 0.08 0.10 13.46 14.08 14.71 0.10 12.26 0.08 0.08 8.93 0.10 13.63 13.84 0.09 0.12 11.43 2.50 8.61 13.76 13.01 12.39 13.78 0.08 1.51 4.06 12.62 11.24 10.44 13.06 13.46 12.79 15.17 13.61 2.23 0.09 0.09 0.17 0.14 0.22 0.12 0.13 0.07 13.80 12.77 13.94 7.78 0.09 2.06 14.93 0.11 0.12 6.52 13.56 14.01 13.86 13.61 0.07 13.97 14.71 15.85 13.92 13.65 13.90 14.28 0.08 14.17 13.27 0.09 0.08 14.46 9.99 11.94 12.99 13.56 0.13 11.89 12.07
14.89 13.11 0.09 14.18 13.11 13.69 14.18 14.06 14.45 0.06 0.07 5.27 0.07 13.56 5.61 11.23 12.29 13.46 12.88 10.92 11.28 13.74 13.91 10.82 11.79 11.72 12.94 12.29 5.70 12.35 11.40 0.09 0.08 0.09 0.09 13.30 13.55 0.13 13.31 0.11 15.43 14.67 15.30 15.45 13.63 12.39 13.74 14.96 15.61 0.08 14.47 2.14 1.44 3.81 13.07 13.15 12.70 12.35 0.09 12.66 0.07 0.07 13.02 13.37 13.16 13.95 0.07 13.18 11.06 14.95 13.38 15.28 0.10 13.72 11.86 12.05 11.40 11.73 12.06
13.68 13.07 13.16 13.08 11.74 0.08 8.22 0.09 13.80 0.06 8.53 11.77 12.62 5.56 7.87 0.12 12.13 12.71 11.60 10.61 10.72 12.61 11.94 12.93 12.92 0.07 10.62 0.09 0.07 0.09 0.11 5.27 12.65 8.83 9.56 13.19 13.53 0.11 14.00 0.09 14.79 13.96 15.29 8.94 0.08 0.08 0.07 2.51 8.16 13.97 13.17 2.35 12.62 15.04 14.45 14.14 13.79 0.11 14.68 14.03 14.10 14.77 12.29 0.08 0.11 3.61 13.03 14.10 12.69 12.80 3.30 0.13 0.08 13.20 11.69 11.42 9.52 10.19 11.82
