data/asc/PuenteDuero/348_4602_2017_alt95.asc
ncols 200 
nrows 200 
xllcenter 348005.000 
yllcenter 4600005.000 
cellsize 10.000 
nodata_value -9999 
[rows 140 to 174 of 200, columns 0 to 78 of 200]
12.16 0.15 12.44 12.82 15.76 12.44 13.49 4.98 11.17 0.19 13.16 12.87 0.15 12.92 11.61 12.15 10.48 0.56 12.93 12.48 13.19 12.33 11.60 9.96 9.89 0.21 0.78 0.27 0.22 11.89 11.58 0.13 1.63 5.62 3.86 7.36 5.15 8.85 3.81 3.90 3.01 3.97 8.98 9.73 5.47 0.11 4.52 5.12 0.20 0.09 10.63 11.12 5.94 8.62 9.43 5.53 10.35 8.44 1.26 1.36 6.53 5.53 6.07 5.39 10.05 9.61 0.11 4.82 0.08 2.83 0.11 0.15 8.36 5.15 8.69 6.91 6.46 6.62 6.62
14.96 12.71 13.65 7.24 15.24 14.68 10.62 10.73 13.33 0.20 4.37 4.99 0.17 12.85 13.22 12.64 10.99 1.16 13.24 13.11 9.85 10.00 3.10 10.54 9.54 0.70 0.52 12.15 11.78 12.51 11.63 7.90 4.37 4.49 3.72 3.80 9.89 9.54 5.32 5.37 5.27 5.58 6.09 8.38 7.06 4.75 4.85 3.91 4.22 0.12 0.09 10.71 10.38 9.88 10.99 9.42 8.18 7.60 5.65 5.50 0.11 7.29 6.25 7.32 7.86 7.35 0.23 9.44 9.20 0.14 6.39 6.54 9.33 10.19 8.72 5.68 5.35 6.77 6.98
17.84 13.44 16.14 17.19 12.64 14.18 11.49 0.13 13.03 13.22 13.19 8.09 9.10 11.94 12.82 13.00 9.22 0.36 0.34 12.03 13.51 12.95 12.01 10.89 8.82 9.99 9.09 11.18 11.18 10.96 13.07 8.31 9.57 4.71 10.19 11.01 9.57 9.69 9.12 8.93 8.51 0.08 5.79 9.23 0.12 3.31 10.36 11.13 8.26 0.06 12.03 12.89 12.07 10.26 12.02 9.19 8.79 6.91 7.14 6.80 6.88 7.57 6.09 7.08 7.18 7.21 6.93 9.98 8.91 6.71 6.75 6.72 8.37 6.93 8.53 4.16 7.03 8.27 6.24
11.70 15.95 16.06 13.16 0.20 8.95 8.44 12.18 12.07 4.08 13.42 13.70 11.59 5.60 13.52 14.18 13.72 8.46 0.23 0.11 12.92 11.20 12.45 11.14 9.40 1.04 0.35 0.73 12.88 0.15 2.28 8.67 2.21 5.30 3.58 10.34 10.19 10.42 9.78 9.48 9.42 9.72 4.79 9.07 11.08 9.15 10.66 9.82 7.89 0.09 10.84 11.35 11.41 10.45 10.02 6.03 9.15 7.63 7.87 6.27 0.52 4.72 0.17 9.01 9.15 6.42 6.77 6.71 6.54 0.54 8.67 6.46 6.64 6.84 8.27 8.29 9.36 10.15 9.00
0.39 14.45 14.90 0.17 0.22 10.82 0.39 0.25 11.37 13.31 12.83 12.73 10.64 0.24 12.17 11.73 11.96 0.27 0.73 10.77 11.72 0.09 11.23 0.11 14.93 0.11 10.74 0.41 0.12 0.16 12.44 11.75 10.93 11.19 0.24 4.71 0.21 9.52 8.42 0.08 9.61 2.25 7.36 3.02 11.25 3.07 9.79 6.09 0.12 1.83 0.09 0.13 0.19 10.19 10.99 9.48 6.65 8.92 7.33 9.91 4.50 11.61 0.17 9.09 5.57 6.80 6.95 5.59 7.15 8.57 10.03 4.49 8.29 8.04 6.45 7.02 8.11 9.36 5.13
15.93 0.22 0.19 0.24 12.60 12.66 0.16 7.44 12.13 12.72 9.27 2.06 7.86 0.23 0.18 0.18 13.75 13.73 0.95 0.75 8.42 0.18 0.27 0.07 13.14 12.72 0.44 8.37 6.29 0.28 11.68 10.98 0.07 6.86 9.02 10.05 9.11 5.90 9.44 8.32 8.98 11.16 9.94 3.81 10.22 10.54 12.79 10.90 0.06 5.55 8.20 3.87 0.13 9.56 10.28 9.22 9.42 8.36 7.29 7.08 7.26 4.00 6.85 8.07 7.71 6.98 7.11 6.19 4.73 6.10 8.35 4.57 5.68 8.49 8.04 6.86 9.62 8.96 7.53
13.24 0.22 0.22 13.71 13.47 10.34 9.87 13.53 9.18 0.09 13.20 12.95 10.65 10.95 0.20 13.93 14.15 13.55 8.61 0.32 3.60 8.10 0.25 0.26 8.08 7.67 0.31 14.15 14.12 9.77 7.93 6.44 3.52 5.76 8.51 6.00 12.06 11.19 10.77 10.42 11.35 0.09 8.50 9.94 9.90 5.39 3.98 0.12 8.87 11.24 6.83 6.84 9.34 8.43 10.21 10.62 9.75 9.28 1.29 7.03 5.25 3.55 7.17 8.74 7.27 4.99 6.87 7.87 7.41 8.21 6.08 3.28 7.47 4.69 8.30 7.47 7.35 6.99 8.32
0.11 0.21 12.52 13.42 14.58 13.84 11.73 13.19 8.56 0.24 12.64 10.69 1.72 14.46 15.17 14.29 12.75 0.36 0.44 13.01 11.93 8.54 13.11 8.11 6.53 14.27 6.62 0.41 0.70 10.72 0.25 4.11 3.67 11.16 9.17 4.00 12.03 5.86 5.84 3.61 9.62 2.85 8.88 1.91 0.05 7.69 0.26 10.50 9.04 11.37 0.12 5.89 10.83 10.67 11.57 10.29 6.62 9.07 5.76 7.23 5.58 6.19 6.74 7.52 8.95 8.51 8.14 7.06 7.35 9.45 8.90 4.66 4.20 8.65 9.24 8.26 9.63 7.68 8.05
12.36 13.96 14.13 13.54 13.35 11.63 0.35 0.79 9.44 15.82 0.23 13.37 12.62 9.71 0.36 12.77 11.91 0.20 0.17 0.16 13.36 5.95 12.58 13.08 9.24 14.64 0.14 8.73 0.16 14.77 14.61 11.97 11.59 1.29 10.56 4.38 4.95 4.02 5.70 9.81 1.22 12.51 0.12 0.07 0.23 3.53 4.97 8.19 4.00 0.07 10.68 11.01 11.30 0.14 7.84 3.56 0.12 0.18 7.10 6.04 7.15 7.74 8.23 8.34 8.71 8.58 0.38 9.80 10.99 0.13 8.81 9.94 8.93 7.52 6.54 7.80 6.10 8.12 7.65
1.67 12.92 13.11 10.81 7.98 0.19 1.31 6.19 9.36 11.53 9.00 12.24 12.23 12.19 11.85 13.13 13.96 0.12 0.12 0.22 12.49 11.47 0.34 13.79 0.10 0.13 0.12 11.71 9.41 11.87 12.34 11.98 12.08 11.79 4.22 7.74 10.03 5.04 3.15 5.91 1.68 12.75 11.15 3.56 3.74 0.07 9.91 9.70 11.04 10.76 1.27 10.11 9.39 1.56 7.02 11.54 11.04 9.64 6.09 5.84 7.64 6.05 7.52 8.74 8.47 8.22 10.49 10.36 9.33 0.10 9.46 9.79 8.63 7.76 6.66 6.25 8.86 8.32 11.30
0.23 9.03 11.52 11.35 9.51 10.01 14.60 14.06 0.16 8.83 16.07 14.92 13.39 13.37 13.73 9.54 10.53 0.16 13.72 0.27 13.17 12.56 0.11 12.44 13.52 13.85 13.31 12.49 7.54 11.64 12.82 5.10 12.27 12.27 5.45 10.66 3.84 3.80 0.10 0.28 8.66 7.35 11.29 10.86 0.06 10.29 9.86 10.19 9.66 9.40 9.70 8.66 9.53 10.35 6.75 9.06 8.25 9.51 7.59 7.80 8.00 0.10 10.17 8.83 8.61 9.26 9.43 8.96 4.20 8.19 9.93 8.93 9.87 7.69 6.74 7.77 7.01 9.61 8.00
10.69 13.34 10.63 10.51 12.33 0.33 12.26 11.58 14.60 15.48 11.67 13.47 13.35 11.84 4.25 8.68 11.42 11.86 12.79 0.17 11.65 13.36 13.58 13.33 12.52 13.12 13.16 0.13 6.78 6.81 12.25 11.51 10.35 12.10 9.77 10.37 10.70 0.15 0.12 7.20 1.99 0.99 10.81 9.52 10.79 9.79 1.92 9.41 10.59 0.11 9.88 9.23 10.30 11.16 9.18 7.33 7.56 8.81 5.85 7.24 9.44 9.00 10.76 8.55 10.15 9.37 8.16 7.33 8.86 8.27 7.96 8.42 8.76 7.06 7.34 6.79 8.55 10.19 9.14
0.13 0.13 9.39 12.07 2.90 0.19 12.60 13.72 14.06 15.03 15.23 15.06 12.71 0.22 0.23 13.53 11.18 13.26 16.62 0.13 0.33 12.32 11.85 0.23 13.35 13.26 13.33 12.53 11.57 11.68 11.27 10.25 11.38 11.31 9.38 5.40 9.52 8.79 10.52 9.68 9.76 9.36 9.03 10.14 9.74 5.36 7.69 8.61 10.20 10.39 10.34 8.58 9.98 6.30 8.01 8.14 8.42 8.32 10.48 7.44 6.92 9.96 9.54 10.39 8.84 8.80 9.41 10.00 8.82 10.01 7.18 8.66 8.55 10.31 7.23 6.73 8.37 9.49 9.96
7.72 4.39 11.70 12.26 11.25 9.21 11.74 9.95 12.34 0.27 15.37 14.36 12.67 0.10 13.73 3.63 12.88 14.90 16.90 8.07 0.22 10.40 14.55 14.08 13.66 0.22 11.66 12.97 12.78 0.20 4.52 7.18 4.69 11.80 11.18 9.88 5.20 9.20 10.07 8.33 8.86 8.47 9.07 0.24 1.12 8.32 12.41 7.40 11.36 12.07 10.14 10.45 8.85 0.11 7.66 7.41 2.92 8.43 9.26 4.40 8.33 9.15 10.27 8.23 2.16 8.61 7.19 8.61 9.48 8.91 9.59 7.40 6.98 6.53 8.40 0.08 7.75 7.49 1.74
0.15 1.23 9.91 0.39 16.42 0.84 14.47 11.49 10.93 15.81 14.14 12.05 11.44 11.50 12.82 0.13 12.97 15.63 12.25 13.90 0.19 14.01 12.97 0.11 13.27 11.48 12.53 13.13 13.09 0.18 0.40 12.01 3.65 7.41 7.73 11.10 9.09 9.29 9.09 4.44 9.41 7.39 9.95 5.66 6.86 10.28 9.06 4.55 6.80 0.10 7.87 0.14 9.12 5.38 5.45 6.52 6.54 10.12 7.64 7.80 9.21 8.35 7.87 9.12 7.15 7.13 8.72 9.87 8.10 5.68 8.21 7.42 10.21 10.50 9.48 9.56 7.03 6.49 7.36
15.31 1.12 15.09 16.31 16.32 0.32 14.07 10.80 11.86 13.27 13.98 13.89 13.74 14.53 14.33 12.91 8.06 12.87 11.49 0.24 0.29 13.67 13.70 12.88 12.29 12.20 13.60 12.56 0.29 11.92 12.56 12.11 11.32 11.79 9.76 10.13 5.39 9.62 5.50 10.44 8.83 5.06 6.34 7.05 6.96 7.07 10.77 7.61 11.32 9.86 7.75 7.84 8.33 4.69 7.18 7.17 8.54 10.50 9.00 10.14 7.48 7.14 8.20 8.63 9.25 7.88 9.19 8.85 10.04 8.88 9.48 8.74 9.29 9.86 9.63 7.81 8.87 8.39 7.49
15.34 0.19 16.43 13.97 14.97 0.73 11.92 11.24 0.12 13.03 12.45 14.11 15.46 6.00 14.86 14.75 10.92 11.54 11.30 15.91 0.51 0.27 10.52 10.05 0.22 11.38 12.80 5.18 11.28 14.10 10.34 5.97 9.85 0.11 0.14 6.00 9.46 4.41 4.85 10.43 5.06 11.80 11.69 4.71 10.96 11.17 11.58 7.62 7.60 0.13 9.67 10.76 6.30 7.84 2.46 8.01 7.58 11.09 10.64 11.22 6.71 5.99 6.99 0.09 7.08 7.79 7.46 7.66 9.15 9.57 10.45 11.77 10.85 9.76 7.80 7.37 7.51 9.85 6.18
14.97 16.45 14.38 14.62 0.24 11.68 13.40 12.01 8.15 11.42 0.18 16.96 14.89 13.52 14.81 15.83 1.30 11.50 9.41 13.75 13.36 0.30 10.41 0.14 0.15 11.30 12.23 11.06 11.59 9.13 7.63 9.44 0.12 10.74 11.43 10.26 8.99 1.41 6.15 9.10 0.14 10.72 0.11 11.26 10.75 0.13 11.16 3.22 13.95 14.66 10.10 9.87 10.50 7.90 7.72 8.12 8.03 11.23 10.31 6.03 7.24 4.93 0.18 0.11 0.08 7.46 6.92 4.48 9.08 8.71 9.60 10.62 7.98 2.40 6.58 7.20 8.57 5.15 0.23
0.31 16.41 15.46 13.27 12.46 11.74 16.44 12.85 13.55 13.83 0.27 11.77 14.83 8.53 15.66 15.44 17.48 17.18 0.21 11.48 14.66 0.27 4.10 14.31 12.30 9.66 10.28 13.23 13.64 9.02 0.11 6.61 13.77 13.11 8.93 8.41 0.10 0.10 6.79 8.17 0.19 11.65 12.03 11.17 10.04 8.27 9.12 8.22 10.12 10.58 0.15 12.39 9.61 0.17 2.79 2.12 6.96 6.80 5.14 7.47 6.97 0.12 0.10 6.05 6.66 4.80 6.91 3.00 0.13 9.47 9.80 3.00 9.09 10.21 5.68 7.25 5.47 6.29 10.18
15.76 16.05 16.85 17.06 6.68 0.14 16.30 13.33 13.96 13.12 14.75 15.80 13.69 0.26 15.12 14.62 12.57 13.84 13.79 16.37 16.20 0.30 12.94 14.78 11.85 11.84 14.12 4.83 3.99 9.48 10.34 10.24 12.72 11.64 11.64 9.58 0.12 0.13 0.17 13.15 12.17 10.63 3.88 11.39 8.94 11.89 8.13 11.14 10.47 11.94 10.18 11.55 8.26 0.15 6.53 6.54 5.88 6.06 6.38 5.89 6.72 9.26 0.97 5.78 6.18 5.33 10.27 11.23 0.12 8.76 7.59 6.80 5.88 10.54 8.52 8.98 8.04 5.56 7.51
16.37 12.87 15.34 0.11 15.84 16.65 15.23 0.23 14.60 13.64 7.69 12.92 13.77 11.32 16.04 15.66 3.91 3.10 14.80 15.92 16.51 0.27 11.63 11.11 12.09 0.13 10.32 9.72 10.71 5.11 8.14 2.91 0.14 0.10 0.09 9.21 0.12 12.00 11.44 10.08 10.51 11.17 6.88 9.24 9.75 11.50 0.08 0.10 11.53 11.08 9.67 8.94 8.25 6.82 6.98 5.85 0.10 5.64 9.36 9.50 8.81 11.44 0.13 5.56 0.19 3.94 0.14 6.25 9.23 7.90 10.26 8.34 5.82 8.45 8.93 8.73 6.10 6.89 9.73
16.33 8.62 14.81 15.51 0.11 13.14 14.72 16.11 10.47 10.57 15.85 12.74 14.15 15.17 15.64 16.62 14.92 0.16 15.61 13.20 8.67 0.26 9.63 10.77 10.17 0.16 6.35 12.72 8.87 11.29 9.77 10.49 9.28 9.33 0.07 11.19 10.04 9.99 10.34 10.32 10.01 6.72 7.24 5.29 5.92 11.30 9.55 8.41 11.00 0.11 11.99 8.81 7.57 7.35 6.34 11.01 7.75 6.26 5.60 8.91 9.23 11.02 9.37 10.50 11.27 9.55 9.28 7.54 9.88 9.23 10.48 10.59 6.86 8.42 7.71 6.20 10.64 6.95 9.17
2.55 15.96 16.78 11.09 13.67 14.24 16.09 0.10 0.12 0.12 14.89 0.69 15.21 11.78 13.85 14.42 15.99 14.25 14.56 15.41 13.89 0.20 0.32 10.28 0.11 10.19 8.40 9.65 9.62 8.37 8.24 5.69 8.03 12.34 0.11 10.67 10.95 11.41 8.26 11.25 9.58 7.78 10.95 1.41 10.06 10.38 10.83 0.11 8.96 12.51 9.06 8.77 8.04 8.60 0.14 9.37 2.09 8.61 2.58 9.03 10.03 10.08 9.37 10.10 10.53 9.98 9.26 10.17 10.92 10.16 8.71 9.26 6.06 1.60 6.68 8.28 10.74 10.34 8.02
10.45 8.76 3.16 5.96 12.14 4.33 10.26 14.16 15.67 11.05 4.02 15.54 2.20 0.15 14.25 15.12 13.83 13.24 14.82 0.12 15.37 0.19 0.31 10.27 0.70 12.31 12.29 9.40 9.62 12.04 12.65 0.13 8.28 6.42 12.12 10.87 3.22 10.52 11.22 11.03 2.32 8.96 10.47 5.69 8.31 7.59 1.36 8.24 8.03 0.69 12.04 12.07 6.28 0.12 7.12 9.88 6.49 8.38 10.25 9.01 9.98 10.15 9.52 9.35 10.23 9.54 8.89 9.78 9.98 2.08 7.17 6.50 9.62 9.04 11.30 10.47 0.11 11.16 10.31
8.88 0.12 14.17 14.62 0.12 11.90 16.24 15.31 0.16 8.38 13.87 16.51 16.18 15.44 15.00 14.29 10.55 15.07 15.12 13.82 14.59 10.91 0.33 11.43 11.97 11.58 0.10 8.86 11.67 12.04 12.10 12.99 8.81 11.57 11.13 10.66 10.44 10.59 9.71 7.67 6.44 4.65 6.84 7.36 10.03 8.21 11.10 8.00 12.03 10.56 11.73 11.46 11.29 10.82 8.93 9.23 8.62 9.49 8.99 8.86 10.00 10.43 9.80 9.57 9.46 9.10 9.69 9.33 7.67 10.59 11.30 10.47 7.41 9.55 9.48 8.82 11.11 10.33 11.65
0.15 15.83 15.01 15.99 0.11 15.95 9.42 15.74 2.68 13.30 14.91 0.49 15.25 13.80 16.05 0.10 11.32 11.09 11.73 10.56 15.05 11.31 10.10 0.28 9.90 0.13 9.08 8.75 9.61 0.11 10.45 10.77 0.34 7.74 9.99 0.11 10.99 11.38 11.40 11.32 0.06 9.71 11.78 11.82 7.61 9.16 4.56 0.18 12.67 11.35 10.83 0.16 7.38 11.25 9.18 9.67 8.76 7.85 9.87 10.59 11.46 10.64 9.88 10.02 9.25 9.22 9.70 7.06 9.57 9.56 8.92 10.75 5.51 5.22 10.40 2.88 11.34 11.26 8.03
13.16 15.03 0.88 13.12 14.76 14.73 13.99 16.62 13.03 3.83 0.14 0.09 15.43 12.36 13.46 14.13 14.78 12.29 10.36 0.09 16.16 16.90 0.20 0.50 9.08 0.32 13.56 11.53 1.20 10.23 10.58 0.09 0.12 10.51 10.85 0.10 7.52 11.25 0.10 11.64 0.14 6.27 7.09 10.43 11.87 9.84 9.60 11.02 11.50 10.65 7.34 7.35 8.38 0.10 11.08 9.18 8.79 9.57 10.39 10.57 6.45 9.98 10.85 9.94 10.01 9.29 7.15 8.01 5.81 8.47 3.68 10.48 3.61 4.21 8.16 10.08 5.11 9.81 9.46
15.24 14.97 15.70 12.87 1.38 0.85 0.11 11.54 0.11 0.11 12.33 14.16 12.80 15.15 14.95 13.46 0.11 15.68 16.64 0.09 17.57 0.20 2.40 0.41 11.15 12.15 11.88 0.13 11.68 10.81 0.15 13.13 0.08 9.97 9.93 9.84 10.80 0.13 1.14 5.99 10.89 9.58 4.04 2.41 4.03 2.55 10.53 3.62 7.92 8.17 9.23 10.97 0.12 5.85 8.70 9.79 8.87 12.79 8.87 11.15 0.17 9.75 8.34 6.60 9.13 6.00 10.04 9.32 7.37 9.09 0.82 8.88 4.11 9.61 8.80 10.29 10.75 10.97 8.44
14.06 12.80 15.13 14.04 15.51 12.58 9.71 0.12 13.66 12.74 14.25 11.98 12.48 0.09 13.92 8.31 0.08 13.96 0.10 10.09 0.19 0.12 12.23 0.31 12.51 10.63 9.49 0.10 7.27 0.12 11.09 0.18 7.41 8.51 4.76 5.84 10.37 9.71 11.14 8.60 12.01 11.23 8.31 5.01 7.29 7.23 12.17 12.54 0.08 6.59 8.52 10.05 11.69 0.14 10.21 10.16 10.04 9.70 9.67 7.88 6.36 10.82 9.46 8.51 9.11 5.09 11.02 10.14 9.88 10.26 10.33 10.74 10.28 10.73 9.41 1.71 11.67 11.71 11.57
15.20 15.57 15.12 12.60 0.08 0.20 0.14 14.39 12.43 13.56 12.73 12.60 10.32 9.57 12.57 14.02 15.31 13.59 13.36 9.43 13.13 16.29 15.46 0.31 0.13 11.76 9.80 8.46 8.26 0.13 9.12 7.73 0.08 7.19 7.53 7.84 10.27 9.96 7.78 8.23 7.00 6.12 0.09 11.12 11.69 11.36 11.92 12.36 12.18 6.65 8.96 12.85 10.48 0.14 11.06 11.24 9.87 8.45 8.06 3.67 0.15 7.29 6.44 8.91 9.65 9.11 9.82 10.27 10.26 10.43 11.10 11.14 8.70 8.54 11.77 12.09 11.84 10.68 10.10
15.78 12.27 12.21 11.72 13.54 13.66 13.01 14.16 11.19 11.18 0.14 11.73 10.87 10.31 13.95 14.22 13.03 12.42 13.86 13.86 15.06 0.10 0.22 0.28 0.24 11.23 9.71 8.84 9.18 8.07 9.21 7.61 0.11 0.12 7.30 1.63 10.29 10.40 0.13 7.89 0.09 0.14 8.80 9.30 12.46 11.96 11.07 11.77 13.20 13.18 10.69 12.62 12.29 11.41 10.11 10.42 8.25 0.14 0.11 9.11 9.04 10.48 10.11 9.52 9.50 7.92 9.53 11.55 0.08 10.40 6.65 9.62 11.15 12.72 10.76 11.96 11.93 10.24 11.92
0.08 0.08 10.44 0.11 12.90 8.61 12.47 12.21 12.53 13.56 11.73 11.70 12.67 0.08 9.44 13.33 0.15 11.71 13.27 0.11 12.91 13.69 12.74 0.34 9.56 10.47 9.54 7.85 8.66 7.93 9.55 8.61 0.89 0.16 11.26 0.15 9.17 8.77 10.16 10.74 10.52 10.33 12.59 10.69 11.69 11.57 2.44 11.07 10.81 11.99 13.32 6.14 12.31 10.55 11.65 8.24 9.26 7.34 7.06 9.53 8.69 9.16 8.10 9.81 11.68 11.06 10.07 10.14 5.10 9.36 10.15 11.76 10.54 11.62 10.44 10.88 6.77 10.17 10.12
13.19 14.85 11.76 9.19 9.55 0.39 13.25 11.27 11.82 3.38 11.92 9.48 13.21 10.73 11.55 11.82 10.80 11.07 11.83 13.80 13.51 12.74 13.63 0.39 8.35 9.36 10.17 0.10 8.59 9.16 0.17 5.02 9.40 4.56 10.08 0.10 9.63 10.95 0.11 10.97 0.06 10.91 11.12 10.23 4.88 12.35 6.38 10.65 12.73 10.88 11.14 12.76 11.48 10.47 9.98 12.15 11.47 8.24 10.82 10.22 6.61 11.09 11.08 10.50 8.30 10.33 8.70 12.46 8.65 9.89 10.13 10.03 11.01 8.94 10.35 12.39 11.32 10.91 8.11
0.11 11.56 8.35 13.03 9.93 0.16 11.77 11.14 12.64 14.56 11.20 11.91 12.48 0.14 13.75 10.83 10.48 12.77 0.13 13.79 13.67 14.00 12.18 0.17 0.41 0.18 9.66 7.29 8.48 10.63 1.68 6.83 7.31 8.13 8.45 10.75 8.53 8.13 8.67 8.15 11.55 6.74 10.35 10.62 6.75 3.29 10.88 10.09 11.55 10.85 11.23 11.02 10.68 11.12 10.72 11.19 12.15 10.11 11.47 10.64 10.56 8.70 9.94 10.91 8.81 10.21 10.09 9.09 8.89 10.18 9.12 9.16 9.86 10.51 10.96 11.73 0.20 0.10 0.07
7.60 10.36 13.83 13.65 11.14 10.34 8.83 10.48 10.62 12.89 0.11 13.03 12.11 11.63 11.50 12.57 11.29 0.40 11.88 10.18 13.85 11.76 9.50 11.35 0.27 0.25 7.41 0.19 8.78 9.34 9.72 9.92 7.43 9.54 9.59 11.20 9.33 10.99 9.51 8.70 10.84 0.14 9.53 11.26 11.47 11.06 11.55 10.82 2.15 5.01 9.37 10.85 10.96 10.17 11.44 11.07 8.73 10.22 10.86 9.48 8.70 11.61 11.18 7.17 9.93 6.89 9.56 10.91 11.17 10.38 8.53 9.34 9.83 10.29 10.33 10.33 0.07 10.19 10.74
