data/asc/PuenteDuero/348_4602_2017_alt95.asc
ncols 200 
nrows 200 
xllcenter 348005.000 
yllcenter 4600005.000 
cellsize 10.000 
nodata_value -9999 
[rows 140 to 174 of 200, columns 79 to 157 of 200]
2.90 6.89 7.12 8.57 4.39 8.86 8.47 10.10 7.63 7.71 9.06 9.25 2.76 11.37 14.44 13.52 13.15 0.12 14.56 14.42 14.23 13.30 11.76 13.58 13.42 14.39 12.83 13.52 13.29 14.18 14.50 13.51 14.22 13.86 13.74 13.33 0.08 9.76 11.70 10.84 12.99 12.88 11.61 11.85 2.41 10.60 11.42 11.71 13.69 12.64 0.35 13.23 13.52 11.97 11.05 12.85 12.02 12.80 8.43 10.83 10.75 11.43 12.21 10.21 10.43 11.01 2.93 9.16 7.90 8.21 11.21 4.30 6.81 0.31 0.08 0.55 0.74 1.25 2.56
9.34 8.08 6.89 6.79 10.03 10.96 9.70 7.42 7.51 0.08 10.17 8.58 9.32 0.54 14.66 14.15 13.71 13.75 13.97 13.43 13.01 12.15 5.14 0.14 13.09 14.01 12.81 12.01 13.24 14.19 14.06 13.98 12.76 13.27 12.93 0.17 10.73 9.57 10.95 11.82 11.22 11.41 12.35 2.69 11.60 11.61 11.64 11.07 9.99 11.26 12.32 11.57 11.37 11.85 12.23 11.71 12.24 12.97 11.94 10.48 11.05 11.04 10.84 8.87 10.40 11.83 0.09 9.57 10.29 9.08 9.68 0.23 0.16 5.42 9.66 9.81 2.14 1.49 0.41
8.66 9.38 7.66 9.04 2.83 8.84 0.18 6.10 8.78 8.42 10.43 8.74 9.14 9.70 13.25 13.41 14.34 0.09 12.75 13.36 13.47 13.36 6.35 5.52 6.45 13.56 12.96 12.99 12.86 14.53 13.36 13.14 3.00 0.90 10.69 0.17 10.42 10.44 11.10 11.60 0.17 13.06 12.08 2.27 11.51 12.46 11.55 0.38 12.35 13.75 12.53 10.72 12.46 0.06 11.64 11.60 12.14 12.59 10.82 7.20 11.20 0.23 10.54 10.36 10.03 9.73 10.19 9.61 9.51 10.55 9.86 0.31 8.15 8.86 8.54 2.80 2.54 6.78 0.66
8.72 6.82 7.97 8.89 0.14 7.55 6.95 6.32 6.99 8.65 8.49 7.30 6.97 0.10 14.04 13.86 14.38 13.79 13.19 12.55 12.89 13.27 12.72 4.94 13.78 8.82 0.15 12.73 12.42 13.44 14.20 8.88 9.39 14.29 13.74 0.23 10.96 12.53 12.70 12.37 12.05 12.25 13.03 12.97 11.92 0.31 0.43 8.61 12.49 13.71 12.04 12.69 11.69 11.94 11.79 11.68 10.26 10.43 10.39 10.73 7.22 1.75 4.99 10.06 9.59 0.36 9.10 9.26 9.59 8.72 8.94 0.14 9.71 6.52 7.82 9.80 1.95 0.53 1.09
8.36 7.09 8.03 7.06 8.01 6.83 7.81 6.78 6.42 7.19 7.43 7.78 9.04 5.32 12.97 13.55 12.74 13.90 12.64 11.59 4.21 13.57 14.19 13.97 14.45 14.14 0.19 14.21 11.14 12.27 0.07 10.60 9.79 9.58 11.19 11.16 10.61 13.40 13.06 12.54 0.98 10.63 10.18 0.47 0.11 0.36 4.29 13.13 12.54 13.61 11.71 12.27 11.14 11.81 6.41 10.17 10.71 9.74 10.33 10.87 10.52 10.62 9.60 11.09 11.01 0.35 11.35 10.35 9.39 7.38 0.15 8.88 9.57 5.77 0.55 9.73 1.95 5.39 0.17
9.51 9.27 7.85 8.44 7.22 6.02 7.72 6.12 8.81 9.75 7.09 9.01 9.40 7.40 1.90 12.73 14.10 3.52 4.00 11.97 12.09 13.27 0.08 13.52 14.69 13.93 14.39 0.09 0.08 0.10 0.13 11.20 12.47 12.46 11.12 11.21 11.16 13.44 13.27 11.76 12.88 12.32 0.31 0.12 13.92 12.67 12.82 11.50 11.85 12.93 10.84 10.83 10.51 11.14 8.61 11.40 10.65 7.80 11.19 9.97 5.15 9.63 6.95 4.17 10.37 10.84 9.83 0.53 10.23 10.01 8.48 8.89 0.13 9.76 9.27 2.11 3.70 0.48 0.15
6.95 9.03 7.18 6.56 4.75 5.65 9.25 10.07 9.94 8.88 0.25 9.68 8.73 7.79 4.26 13.77 14.15 13.85 12.37 11.95 12.63 12.84 12.95 0.11 14.67 8.98 15.07 14.68 13.72 7.65 9.43 11.93 12.99 13.02 0.14 0.18 0.15 13.30 12.73 12.94 12.47 12.12 0.17 8.03 13.55 12.28 11.24 11.25 10.55 10.75 12.27 9.11 9.16 7.87 0.08 11.76 10.72 10.33 10.58 11.54 0.21 0.21 0.12 0.54 1.24 9.79 10.00 8.64 1.19 9.04 8.42 8.32 1.48 0.10 0.18 0.16 6.14 0.09 0.09
7.27 6.06 6.54 7.87 8.94 10.34 9.98 9.96 8.67 9.30 9.68 8.47 9.35 9.16 5.72 14.10 13.99 13.13 14.65 15.02 13.94 0.11 11.31 14.50 13.55 13.56 10.73 11.10 0.08 10.98 12.03 12.11 13.17 12.93 4.41 12.78 13.85 14.32 14.60 14.02 0.22 11.34 11.90 9.24 10.04 10.06 10.57 9.85 11.99 9.70 8.83 8.59 8.92 8.25 9.83 9.78 11.11 10.34 10.51 4.69 0.43 6.62 6.25 0.09 0.96 10.87 10.23 0.12 0.33 9.42 7.77 1.99 4.04 8.02 0.72 6.31 0.12 4.77 0.21
0.12 5.47 9.52 9.67 9.57 10.67 8.06 8.92 9.00 10.34 10.58 10.60 10.80 9.65 6.09 13.86 2.63 13.09 13.66 13.58 8.93 7.21 6.89 14.59 13.76 15.34 15.25 11.62 12.20 10.89 11.59 12.74 13.69 3.64 3.25 13.21 14.04 14.08 14.02 0.36 12.10 13.04 11.85 12.54 10.28 12.29 0.08 9.65 10.23 7.65 9.52 9.47 9.06 9.53 0.05 9.58 9.76 9.67 10.02 0.09 0.87 0.43 9.68 5.93 0.09 3.85 11.41 0.19 0.80 7.80 1.65 0.08 5.85 6.00 0.61 0.15 7.39 0.77 0.81
7.17 9.00 9.99 9.28 9.98 10.72 8.03 8.53 9.86 9.49 6.80 8.11 8.52 7.88 4.86 13.08 12.88 12.98 13.41 14.51 13.63 6.70 10.13 10.03 11.12 1.05 2.02 0.10 13.32 11.40 11.78 11.66 12.67 1.34 5.84 5.04 7.25 11.89 0.10 0.48 12.60 12.76 11.55 11.36 11.36 12.11 9.00 10.49 10.37 8.82 9.41 9.11 8.95 8.80 10.74 8.47 8.29 0.06 0.07 0.05 0.06 0.07 0.07 9.71 9.29 9.94 11.13 1.97 9.17 9.48 3.75 0.17 2.02 2.71 0.78 0.11 8.88 1.31 1.15
10.92 7.53 9.47 8.89 9.35 8.76 9.10 10.07 10.00 7.98 7.94 6.76 7.05 8.08 8.31 13.17 14.06 12.33 12.76 0.08 12.52 9.54 12.58 12.16 12.78 12.56 0.10 12.00 12.43 11.40 11.27 11.21 10.87 13.08 12.18 1.17 0.47 0.18 0.51 4.65 6.77 11.25 12.69 11.18 9.90 8.87 9.78 9.59 7.87 10.02 9.67 9.43 8.13 0.07 9.07 0.08 0.05 0.08 0.07 0.06 0.07 0.08 0.10 10.20 9.46 0.07 6.32 0.49 10.39 8.49 7.64 8.79 4.21 3.01 1.59 0.60 0.15 7.83 5.61
10.58 10.23 9.97 9.77 9.13 10.24 10.65 11.19 7.58 7.64 8.33 6.99 6.38 5.83 6.53 6.05 13.19 11.08 0.08 0.14 7.74 8.72 11.46 11.37 11.95 12.10 10.34 11.05 10.73 12.68 11.88 11.71 12.35 12.30 4.58 0.33 0.39 0.46 11.86 13.13 12.35 12.06 11.33 10.37 10.27 10.23 8.48 9.32 9.99 9.54 5.14 7.69 0.07 4.89 0.08 7.56 0.05 0.09 0.06 0.06 0.05 0.07 0.08 0.08 0.07 0.08 0.07 0.07 5.24 0.11 6.81 9.55 9.78 9.04 9.93 7.05 0.17 4.12 6.49
9.71 7.39 9.96 7.54 8.53 0.09 9.69 8.35 8.00 8.03 9.18 8.04 5.73 5.08 6.11 5.96 12.87 0.06 0.07 0.06 0.07 11.33 10.93 10.48 10.98 10.02 11.44 11.23 12.15 12.59 11.90 12.25 11.83 11.84 0.10 0.25 11.62 11.26 11.23 12.73 13.11 11.97 10.78 11.45 9.91 9.99 8.26 5.78 10.12 10.71 0.06 0.07 8.28 0.12 3.28 7.23 7.32 0.09 0.10 0.59 0.09 8.51 8.94 8.42 0.07 0.07 0.07 0.07 0.10 9.59 10.09 7.08 9.76 9.92 11.12 10.01 6.45 6.31 7.46
7.76 6.19 6.55 7.87 9.34 7.43 8.55 7.42 7.55 8.63 8.22 8.26 9.62 5.67 7.21 0.57 15.19 15.15 0.07 8.58 11.06 11.14 10.32 0.13 12.05 11.23 2.26 10.94 0.62 12.65 12.84 12.06 10.17 0.09 0.45 0.24 12.66 12.87 11.81 10.72 11.76 10.25 11.01 11.42 10.61 9.19 10.40 9.45 9.83 9.71 8.24 0.20 9.32 0.10 5.24 0.44 6.19 8.00 8.06 5.64 8.71 8.95 9.24 9.52 0.09 0.11 0.12 0.11 0.09 10.19 10.67 0.06 0.09 8.57 7.56 0.06 6.25 0.57 7.39
10.82 8.03 6.46 7.75 7.75 7.94 7.32 9.50 7.79 7.94 5.96 6.48 6.40 7.48 8.98 6.64 13.87 14.26 8.87 7.35 9.50 11.06 10.81 8.99 11.54 11.47 10.08 11.30 12.14 12.74 12.96 0.30 0.16 11.16 0.30 12.01 12.05 12.78 10.25 10.73 11.41 10.16 10.71 10.22 8.82 0.18 10.31 9.10 9.51 3.73 0.84 5.18 2.43 2.12 1.45 3.59 0.96 6.33 6.92 1.37 0.85 7.02 0.10 0.11 0.09 0.08 0.09 0.08 0.09 0.06 0.08 0.10 0.07 0.09 0.06 0.10 0.37 0.27 0.27
6.26 7.64 7.09 8.03 7.18 4.90 6.97 7.21 9.00 9.32 6.80 7.13 9.53 7.57 8.09 7.56 9.05 10.19 10.63 10.69 11.45 12.72 10.24 12.13 12.35 12.52 12.30 12.91 13.21 1.40 0.14 11.59 12.14 9.98 11.81 11.29 10.55 10.51 11.33 10.58 10.89 10.81 8.79 11.57 10.86 10.91 10.37 2.65 1.22 3.11 0.14 2.96 1.44 0.42 1.02 3.74 0.16 0.13 0.26 1.53 0.56 0.42 0.60 0.40 0.51 0.45 0.59 0.29 0.27 0.28 0.20 0.19 0.50 0.83 0.80 0.74 0.47 0.38 0.31
9.57 8.19 7.48 7.10 6.01 5.42 9.23 10.53 7.66 9.53 9.07 8.09 7.34 7.72 5.55 0.10 9.61 9.51 0.08 11.67 13.05 12.53 0.08 11.39 11.61 12.69 12.59 13.34 12.86 0.15 10.68 12.05 11.96 11.67 11.71 10.76 10.64 10.65 9.31 7.31 11.32 11.06 0.11 11.22 10.04 10.14 9.64 0.16 0.11 2.05 0.39 0.14 0.29 0.28 0.35 0.33 0.22 0.30 0.15 0.30 0.13 0.12 0.09 0.09 0.09 0.10 0.09 0.09 0.08 0.11 0.08 0.08 1.13 0.08 0.07 0.08 0.07 0.07 0.07
9.44 8.64 5.55 10.11 9.87 9.05 8.59 8.87 8.46 9.28 7.50 6.55 9.03 8.62 10.53 10.44 9.12 11.01 11.64 11.48 12.93 1.01 11.19 11.28 7.43 11.63 12.36 11.64 0.19 0.10 11.04 11.42 10.86 11.36 11.29 10.38 9.00 8.40 0.15 0.08 0.16 0.65 1.48 0.52 1.06 0.67 0.82 0.33 0.14 0.15 0.10 0.11 0.12 0.17 0.11 0.14 0.13 0.12 0.19 0.13 0.10 0.16 0.15 0.15 0.16 0.17 0.24 0.14 0.15 0.17 0.14 0.11 0.12 1.47 0.19 0.22 0.15 0.20 0.24
7.73 6.63 7.73 5.24 6.09 5.82 9.14 8.57 0.13 8.42 8.35 4.47 9.35 9.95 9.92 12.26 12.26 10.75 11.88 10.67 11.78 12.52 12.38 12.15 11.92 0.14 0.14 0.08 12.35 12.67 8.92 9.80 1.60 1.84 0.10 0.26 2.54 0.87 0.90 1.04 0.69 1.06 0.40 0.12 0.13 0.11 0.12 0.25 0.33 0.34 0.31 0.27 0.19 0.31 0.26 0.27 0.27 0.13 0.14 0.14 0.22 0.26 0.33 0.23 0.24 0.23 0.31 0.37 0.40 0.33 0.41 0.55 0.39 0.37 0.36 1.15 0.32 0.32 0.63
9.44 7.57 7.54 6.55 6.88 9.51 9.08 9.55 10.13 8.04 9.83 5.26 10.51 11.97 10.33 11.37 12.26 9.46 12.48 13.66 13.70 11.93 13.09 12.45 6.00 0.07 0.43 11.42 11.22 0.51 0.84 0.52 0.97 0.67 0.73 0.85 1.29 0.61 0.11 0.09 0.12 0.17 0.24 0.36 0.32 0.32 0.41 0.25 0.14 0.32 0.24 0.37 0.28 0.35 0.48 1.40 3.29 3.01 3.58 1.92 7.02 3.72 5.98 2.36 10.27 2.09 8.72 1.01 6.13 0.55 9.19 8.62 0.26 0.70 8.01 8.49 0.75 0.27 0.20
10.34 9.27 6.81 9.32 10.49 9.27 9.53 8.66 9.37 9.36 10.89 11.27 11.37 11.85 8.93 10.27 11.35 11.56 12.46 10.79 12.06 12.03 11.31 0.20 0.08 0.22 0.38 7.99 3.73 0.48 0.09 0.84 0.33 0.15 0.13 0.12 0.25 0.30 0.28 0.26 0.33 0.24 0.53 0.40 0.45 0.31 3.11 0.61 2.41 1.80 0.59 2.64 0.61 4.16 0.54 4.27 1.26 4.89 3.19 0.43 0.31 0.61 0.46 0.33 9.88 5.05 8.94 5.90 7.45 5.28 8.54 5.50 7.04 8.70 9.25 8.30 0.06 0.07 8.49
9.60 9.75 8.80 9.38 9.68 7.13 8.55 8.69 9.05 11.15 11.89 11.69 11.44 9.19 10.22 10.59 11.94 11.52 11.25 11.60 12.03 12.01 0.19 0.15 0.54 0.53 0.38 0.33 0.40 0.12 0.13 0.13 0.36 0.40 0.34 0.29 0.28 0.29 0.25 0.09 0.59 0.39 6.83 10.48 0.20 1.64 8.08 4.80 0.27 2.03 6.77 5.58 3.32 0.30 0.29 3.19 0.21 0.30 2.48 0.59 3.72 1.15 0.92 0.09 5.71 1.11 9.89 6.39 5.55 0.41 8.83 0.05 0.10 9.13 9.50 5.09 0.06 0.04 9.09
9.92 8.11 7.45 8.42 8.68 9.86 6.45 10.83 11.75 10.75 9.81 11.83 10.95 13.35 12.99 12.67 10.27 11.72 11.51 10.23 0.12 0.09 0.91 0.50 0.36 0.25 0.09 0.12 0.13 0.13 0.39 0.35 0.26 3.42 4.18 8.91 0.31 10.42 10.24 1.38 0.88 9.48 9.45 9.62 9.34 9.30 8.44 5.11 0.21 7.32 8.85 0.61 0.45 0.43 7.09 5.71 0.91 0.22 0.55 0.27 1.30 3.50 8.04 7.01 9.25 6.63 9.53 0.46 7.78 8.21 7.24 5.05 9.41 9.95 9.40 9.48 0.06 8.74 9.01
9.84 8.73 11.92 8.52 0.13 10.48 10.45 10.94 10.76 11.51 11.48 11.07 10.98 9.28 11.03 11.71 0.59 9.70 0.70 0.10 0.40 0.88 0.27 0.13 0.14 0.11 0.25 0.30 0.35 0.17 0.72 0.20 0.40 6.60 10.18 3.04 9.75 9.87 8.64 0.08 7.60 9.58 8.88 9.63 9.49 9.39 4.28 0.34 8.96 0.15 7.88 0.64 0.58 0.55 1.21 0.28 0.60 0.97 0.53 2.22 0.58 1.10 7.96 7.11 3.80 8.54 0.87 0.83 9.59 9.72 7.43 6.90 0.35 7.72 0.07 0.07 5.86 0.06 0.07
10.29 10.53 10.21 10.62 12.14 11.83 10.67 10.22 10.86 11.29 11.41 9.90 12.43 7.07 6.49 0.72 0.70 0.09 0.08 0.18 0.09 0.11 0.27 0.33 0.45 0.29 0.32 0.21 0.27 0.50 0.29 5.18 11.29 1.71 10.25 9.98 9.22 9.54 2.88 3.41 0.23 10.18 9.20 8.53 7.74 9.55 4.13 0.22 0.38 7.23 3.23 0.30 0.74 1.03 0.82 0.15 4.41 1.69 0.07 0.06 9.79 0.05 0.10 0.10 7.31 0.05 6.43 7.86 0.05 0.05 0.07 7.07 6.22 9.32 7.98 0.06 5.42 4.78 0.07
7.46 10.09 9.89 9.80 12.08 11.22 10.82 11.18 10.13 11.15 0.08 12.31 12.13 6.71 0.30 0.11 0.11 0.10 0.25 0.36 0.43 0.40 0.35 0.15 0.12 0.08 0.12 0.17 0.56 0.42 10.83 5.99 10.46 5.06 9.40 1.76 2.10 2.16 8.64 4.68 3.46 8.47 3.76 0.34 4.46 9.72 0.29 0.30 0.14 1.97 6.90 2.16 0.45 0.32 2.40 0.10 0.64 1.10 0.06 0.04 9.84 9.70 8.62 0.05 4.75 4.28 7.32 0.06 8.11 0.05 0.07 0.08 6.54 0.05 5.24 5.41 0.07 0.05 0.06
0.14 11.19 8.87 10.57 11.50 11.51 9.89 10.73 9.82 11.63 11.72 8.53 9.86 0.10 0.12 0.10 0.11 0.11 0.21 0.29 0.22 0.13 0.24 0.27 0.22 0.25 0.28 0.42 0.31 2.63 11.24 9.37 10.18 2.91 9.34 3.03 4.53 2.60 8.19 9.31 4.13 8.60 3.87 3.73 5.32 0.95 0.19 3.32 2.13 2.98 3.73 0.25 0.52 0.59 0.47 0.43 0.93 0.07 0.08 0.09 0.08 9.09 7.15 0.06 0.05 0.04 0.08 0.06 8.83 0.05 0.08 0.07 0.06 0.05 7.98 0.05 0.06 0.05 0.06
10.19 11.50 11.14 10.77 12.07 12.11 0.09 11.52 8.94 0.89 10.27 0.10 0.11 0.09 0.10 0.16 0.32 0.23 0.30 0.30 0.25 0.27 0.28 0.30 0.24 0.47 0.34 4.36 4.21 3.56 4.04 9.12 10.14 2.91 2.32 2.54 9.54 0.13 10.79 0.22 3.76 3.57 2.97 3.39 2.76 8.96 3.54 0.61 7.54 1.94 2.97 0.37 0.79 0.32 1.06 5.79 0.92 6.94 2.49 1.03 0.06 8.97 0.05 3.07 9.79 9.05 9.22 0.08 3.39 0.06 0.07 0.05 0.05 0.06 6.77 0.05 0.05 0.05 0.06
10.81 10.08 11.32 0.13 11.11 11.98 11.91 10.26 1.17 0.10 0.09 0.11 0.30 0.36 0.31 0.24 0.23 0.23 0.29 0.31 0.25 0.60 1.35 3.48 3.59 2.13 4.20 4.04 3.46 6.72 3.91 2.42 10.19 2.21 3.30 2.32 8.66 2.64 9.55 3.31 3.84 1.81 8.90 3.34 9.45 9.54 3.14 2.95 2.82 0.36 0.25 0.70 1.30 0.40 2.04 8.18 0.06 0.07 2.14 0.07 9.54 0.07 9.89 9.37 0.05 6.78 8.90 4.64 0.07 0.06 10.05 0.06 0.06 0.07 0.06 0.05 0.05 0.06 0.05
9.31 11.72 11.21 11.42 11.93 11.63 0.22 0.11 0.11 0.17 0.19 0.24 2.89 4.18 0.56 5.18 5.58 4.69 3.11 3.28 5.28 2.46 9.44 8.95 9.78 3.44 3.66 2.75 3.62 2.26 3.80 3.34 9.59 3.31 7.92 0.95 3.02 2.88 9.34 2.27 3.11 1.00 8.38 2.78 0.16 3.51 4.16 2.71 3.44 2.76 0.30 0.68 0.08 0.64 0.08 5.43 8.25 0.06 0.17 0.07 0.05 0.06 6.28 9.12 0.06 5.55 5.02 0.06 0.04 0.06 10.17 0.08 0.84 0.06 0.05 0.05 0.05 0.06 0.07
11.58 10.39 11.60 9.93 0.18 0.09 0.10 0.21 0.16 9.31 12.55 6.95 10.16 4.03 10.96 4.53 5.56 4.70 6.19 1.47 8.70 10.90 10.20 8.50 2.40 3.25 2.05 6.27 8.12 3.83 3.18 3.91 2.46 3.38 2.71 3.76 3.49 3.23 3.33 2.73 3.67 3.14 3.80 3.06 3.23 3.13 2.08 4.02 2.38 2.51 3.47 2.58 3.86 7.74 0.80 2.73 3.04 0.25 5.21 6.56 0.06 0.12 7.68 9.10 4.74 8.28 6.85 6.54 0.06 0.05 0.07 0.07 0.56 5.51 0.06 0.05 0.05 0.05 0.07
4.50 0.45 0.17 0.10 0.09 0.26 0.26 0.16 13.23 12.43 11.83 10.34 11.33 1.20 3.74 11.45 3.62 4.64 4.66 2.56 10.14 3.07 10.06 9.87 9.23 8.67 2.63 4.25 7.08 6.46 5.76 7.85 2.66 4.16 2.68 3.61 3.53 2.91 3.38 3.06 3.52 3.12 3.47 2.87 3.53 3.16 2.96 0.07 2.88 3.77 2.86 2.97 2.53 1.31 0.13 0.20 3.80 0.36 0.07 5.81 0.05 0.05 7.40 8.16 8.04 4.38 8.84 7.28 8.32 0.06 0.07 0.06 0.30 10.45 9.59 0.05 0.05 0.05 0.05
0.15 0.10 0.08 9.15 10.15 11.08 12.31 10.45 13.36 11.85 3.51 10.04 3.29 9.76 10.12 3.94 9.06 10.00 9.65 2.80 9.71 9.83 9.49 9.76 9.88 2.94 3.01 3.37 3.18 1.39 3.89 8.25 3.11 3.90 3.06 3.44 2.52 3.46 3.45 3.00 4.06 2.90 3.88 4.64 5.67 4.37 3.66 2.72 3.32 2.26 3.17 2.32 0.22 2.47 9.45 7.50 0.16 0.94 7.90 3.99 6.78 2.84 0.05 9.50 9.51 0.05 8.99 7.01 4.70 8.28 10.28 9.53 0.06 9.83 9.27 0.09 10.28 10.93 0.07
0.12 0.20 0.26 11.43 10.57 9.95 12.05 9.53 3.19 10.29 10.69 3.22 8.47 9.45 8.97 7.43 2.68 4.08 5.51 3.16 2.48 2.16 2.50 3.25 9.74 2.51 3.03 9.72 3.70 3.27 2.89 3.21 2.04 3.41 3.49 2.66 2.83 2.93 3.28 3.46 3.48 2.91 3.71 3.48 2.00 0.11 2.57 5.68 2.48 3.04 3.08 6.75 2.26 8.92 9.01 4.27 3.72 2.83 2.75 0.48 0.10 0.30 0.66 9.67 8.45 4.46 9.24 0.07 0.07 6.44 9.91 9.79 9.19 4.13 0.06 0.05 4.56 8.56 0.08
12.76 10.98 11.60 11.44 10.57 10.24 9.80 9.42 8.49 10.36 9.67 10.47 2.97 10.01 1.11 9.02 9.36 8.38 2.82 2.55 2.90 9.81 9.02 2.57 10.97 10.01 2.73 9.23 5.66 6.41 6.57 2.94 3.08 2.69 3.02 4.26 2.85 3.31 3.08 3.57 3.43 2.25 2.88 3.35 0.12 3.49 2.37 3.55 2.66 0.57 0.06 6.16 2.41 1.03 1.25 2.92 5.81 5.14 3.73 0.38 0.83 4.73 1.47 8.18 8.23 8.83 0.07 7.86 7.78 0.15 9.41 9.29 8.76 5.18 0.08 0.06 0.20 8.94 9.28
