data/asc/PuenteDuero/348_4602_2017_alt95.asc
ncols 200 
nrows 200 
xllcenter 348005.000 
yllcenter 4600005.000 
cellsize 10.000 
nodata_value -9999 
[rows 35 to 69 of 200, columns 0 to 78 of 200]
0.14 13.70 13.92 13.59 0.10 0.14 14.75 0.14 12.47 13.08 13.13 12.93 13.12 13.10 13.53 13.18 9.82 13.41 11.26 0.10 11.04 13.17 0.11 13.66 13.72 9.67 0.09 9.35 15.29 12.78 11.85 14.07 11.91 10.92 12.60 0.09 13.46 13.18 12.34 13.56 12.12 12.90 13.05 13.72 12.75 11.97 9.42 1.54 0.14 13.54 0.16 5.42 15.27 13.39 0.12 14.20 12.22 12.61 0.14 16.40 15.20 14.70 15.99 15.12 15.47 14.48 13.73 7.84 12.65 11.53 0.11 10.85 10.75 0.07 14.62 14.43 0.07 14.41 13.81
13.73 14.43 13.97 13.95 12.12 0.13 13.35 13.77 14.34 12.90 13.63 14.52 14.70 13.69 2.93 15.03 14.20 14.38 13.75 12.97 11.91 13.54 0.15 10.04 13.94 13.01 14.01 14.36 14.78 13.79 12.85 12.21 13.80 13.18 13.75 10.66 10.00 13.15 11.92 14.16 13.59 0.10 12.85 0.21 0.22 15.20 1.36 13.56 12.98 2.27 14.94 17.31 14.76 5.47 16.59 15.45 13.96 13.96 16.18 12.25 14.41 15.63 16.38 0.13 14.32 13.46 14.00 13.78 0.30 12.97 12.06 11.40 10.81 0.11 13.32 12.80 0.07 14.25 13.49
13.35 14.03 13.40 13.03 12.94 11.19 13.61 13.97 14.10 12.33 14.42 14.96 14.94 13.48 14.60 15.24 13.68 14.80 14.26 13.77 13.94 13.49 13.63 14.01 8.16 13.42 13.53 14.67 0.13 13.46 12.51 12.23 10.19 10.45 1.28 14.75 12.20 13.31 13.44 14.21 12.81 9.24 13.70 13.68 11.70 11.68 8.64 11.95 13.67 16.29 8.16 8.50 14.89 13.92 13.86 13.76 0.10 12.59 0.10 14.87 15.45 14.24 15.42 14.46 13.97 14.60 13.01 10.64 13.21 0.16 0.12 13.77 13.40 13.68 0.20 0.10 11.46 11.06 0.07
0.13 13.17 0.21 13.31 12.86 0.14 12.45 11.85 11.88 5.09 12.12 12.47 12.98 10.84 13.67 9.45 11.20 8.39 11.99 14.37 14.51 13.85 12.35 13.12 13.35 0.13 0.08 9.62 12.84 10.35 9.62 0.08 0.16 11.89 11.27 14.54 12.55 12.14 0.14 13.50 12.69 11.35 12.48 13.63 8.83 11.84 0.12 11.90 0.16 0.78 0.19 13.70 14.55 0.16 0.12 13.77 14.21 16.21 16.02 13.13 0.10 12.62 14.60 14.85 0.13 13.47 13.15 13.45 13.15 12.35 12.37 13.66 13.59 14.76 17.34 14.81 10.66 10.22 0.08
13.52 10.14 12.44 13.87 0.19 11.61 12.69 11.74 11.85 10.51 12.72 13.12 11.71 10.55 0.12 9.60 11.64 12.01 14.66 13.82 0.13 0.13 13.62 12.94 12.54 12.03 0.11 0.14 12.79 12.78 13.50 8.29 13.28 13.77 11.00 9.21 10.94 11.07 10.99 5.80 3.55 0.18 11.11 0.20 11.99 12.11 2.20 10.99 14.10 6.59 9.96 14.47 15.28 12.17 12.59 13.08 12.91 15.18 15.93 11.71 13.46 12.42 13.73 0.12 0.12 14.00 13.28 13.44 0.56 12.22 12.34 8.98 7.71 6.31 16.51 6.67 0.09 0.12 0.09
13.71 10.29 13.31 13.99 12.71 0.17 12.88 13.31 10.31 12.20 13.82 13.49 12.08 0.13 10.08 0.12 0.11 2.79 0.12 14.17 14.45 11.21 0.12 0.11 10.64 11.60 12.15 11.98 0.17 12.68 13.43 10.40 13.11 9.98 0.13 9.55 9.73 11.01 10.95 12.79 12.45 12.58 13.62 14.31 7.56 11.56 13.83 12.28 5.69 0.13 0.12 0.13 0.10 11.37 11.57 12.12 13.42 13.66 15.04 14.53 5.16 0.18 11.06 13.00 12.18 13.38 13.72 13.15 2.70 12.98 12.48 0.21 14.27 7.88 13.40 6.94 0.22 0.26 0.22
11.38 0.10 12.61 12.08 12.17 13.72 14.06 12.10 11.49 13.33 10.91 11.58 0.17 0.16 9.93 12.32 11.48 13.71 11.89 12.78 0.17 0.16 0.32 12.79 12.42 10.77 11.74 11.23 12.31 13.29 12.46 8.37 11.46 9.82 14.00 11.59 0.16 10.85 10.97 11.15 12.13 11.18 4.42 12.37 2.56 12.26 13.45 7.98 0.13 12.74 12.15 0.14 13.60 11.06 11.58 11.15 13.61 13.20 14.76 3.70 14.31 13.47 0.10 11.81 12.13 11.69 14.44 14.89 0.13 10.47 0.13 9.03 13.51 0.17 0.23 0.18 14.70 0.20 0.20
13.02 13.53 0.13 12.84 12.45 12.43 12.43 14.12 13.23 13.67 13.60 12.76 12.85 12.88 14.01 13.45 12.09 13.60 11.94 12.63 12.59 11.94 12.06 12.78 12.22 11.25 11.50 10.58 12.70 12.17 12.34 0.18 13.16 11.80 13.62 9.76 9.78 12.06 10.25 11.11 11.40 11.49 5.23 5.15 11.44 4.55 1.40 12.33 13.32 12.51 13.00 4.17 0.18 11.86 12.08 11.65 12.09 12.70 13.87 13.66 11.69 0.27 0.11 0.23 0.16 11.17 0.24 0.30 0.15 0.38 0.27 10.89 0.22 0.36 13.72 0.12 15.30 1.93 0.16
12.38 0.15 0.16 11.74 12.10 12.96 12.29 13.48 11.58 12.75 13.35 12.52 12.93 13.06 14.25 12.42 0.23 1.20 9.33 9.29 10.53 11.87 11.67 10.65 10.32 0.09 11.22 10.82 8.87 10.26 13.60 14.34 12.16 9.61 10.75 0.19 2.95 10.45 10.08 10.56 11.56 6.12 0.08 0.10 12.22 10.70 0.19 12.40 13.61 12.26 0.20 0.23 0.21 11.55 11.23 10.24 0.22 10.48 0.15 0.14 10.93 12.85 0.17 0.18 0.18 12.30 13.42 14.15 0.16 1.03 13.88 15.89 14.11 14.19 12.56 0.20 14.06 0.55 0.16
12.61 11.51 11.45 11.26 12.19 0.16 0.17 11.42 0.21 5.22 4.13 1.12 1.63 13.87 12.29 11.39 10.31 12.44 12.44 10.82 12.11 10.50 10.69 0.10 10.31 0.16 9.15 11.00 9.72 9.71 0.10 0.19 11.13 0.11 11.44 11.27 0.10 9.96 0.17 0.27 0.23 0.23 0.27 0.15 0.16 0.12 0.19 0.20 0.16 6.77 13.23 12.24 5.31 14.24 4.40 11.38 4.19 13.60 13.44 12.00 11.44 12.11 0.24 14.21 0.20 15.49 13.61 14.53 15.82 16.42 13.74 13.41 15.81 16.50 12.30 13.57 0.13 14.35 13.43
11.34 11.90 12.08 11.83 11.43 12.07 9.75 10.74 12.86 13.06 0.32 11.05 0.13 0.11 0.14 11.93 11.96 11.89 12.29 0.13 0.18 0.10 0.10 0.19 0.16 0.17 0.13 0.18 0.11 0.14 0.17 0.06 0.08 0.23 0.24 0.16 0.30 10.05 10.77 0.20 7.02 8.63 4.93 4.73 0.07 12.10 0.10 12.21 5.34 6.65 12.58 9.60 11.39 13.22 3.92 1.34 14.38 12.86 10.59 11.22 10.32 10.58 0.13 7.07 11.60 14.31 13.90 14.97 15.55 0.14 16.70 13.10 13.95 15.02 13.65 12.16 0.09 14.09 12.72
11.88 0.13 0.17 11.40 10.65 0.18 10.80 0.22 10.82 0.33 0.19 10.31 0.22 0.18 0.17 0.20 0.13 0.12 11.11 0.13 8.06 0.24 0.14 0.14 6.37 12.73 12.25 3.15 6.96 9.52 0.08 8.81 8.61 5.32 9.70 10.43 10.33 5.36 9.91 12.89 12.10 8.82 4.38 0.14 0.14 4.37 0.42 12.13 12.46 11.65 10.15 10.45 10.32 12.82 0.17 1.46 2.15 0.20 10.99 12.25 11.90 12.01 11.09 1.41 12.77 1.59 15.11 4.79 14.66 14.16 9.31 0.91 11.64 0.17 1.62 4.49 6.41 7.44 13.19
0.29 0.21 0.18 0.13 0.11 9.81 5.57 8.11 1.81 8.78 0.11 12.69 0.10 1.35 0.17 9.44 10.01 11.20 11.03 12.33 8.56 0.16 12.26 11.66 9.63 12.23 12.04 10.63 11.28 11.32 10.86 10.76 11.76 0.11 11.70 11.19 10.91 10.14 9.99 11.00 0.25 4.87 6.04 11.32 10.92 11.53 12.08 10.07 6.03 11.97 1.39 9.37 10.74 5.34 0.11 10.80 1.06 11.27 14.01 0.95 0.15 12.97 15.05 14.87 14.67 1.18 14.31 14.47 13.97 14.14 13.80 12.70 12.00 8.11 9.13 2.07 7.81 7.40 1.92
2.27 11.65 10.37 11.63 11.78 11.01 9.71 10.24 8.52 10.30 10.28 11.70 9.60 10.34 11.56 12.97 0.10 13.41 12.52 11.64 11.20 2.05 10.93 12.14 11.61 12.13 0.14 0.15 0.09 12.75 11.35 1.07 11.44 11.83 11.54 0.15 9.97 10.49 12.50 11.57 12.49 1.45 2.50 0.12 6.17 0.14 0.11 0.13 0.10 0.10 9.99 10.35 10.22 12.35 0.38 10.78 7.84 11.78 12.05 11.96 0.15 11.02 14.08 1.04 11.76 3.16 14.33 11.41 13.44 11.96 13.70 12.83 11.14 10.90 14.03 14.14 14.49 15.26 0.16
12.72 12.84 10.17 3.35 10.80 10.35 9.64 11.63 10.51 11.01 4.27 10.93 10.38 8.68 10.52 10.61 10.60 12.04 8.06 8.26 10.92 10.27 0.09 11.58 9.10 9.94 11.34 11.16 0.11 0.12 9.58 8.77 9.73 11.59 11.32 0.17 0.10 0.09 13.81 13.82 11.62 12.45 13.41 13.16 6.99 0.12 11.37 11.44 11.57 10.25 11.14 9.64 9.47 9.64 0.11 12.35 0.66 12.76 13.77 13.16 4.78 13.11 13.78 13.00 13.43 0.13 13.78 12.65 12.55 12.13 12.39 10.96 1.23 13.29 14.52 14.59 14.28 14.62 1.02
2.05 11.05 11.53 1.78 11.37 10.17 10.66 11.70 10.78 12.20 12.38 10.36 11.43 13.35 13.31 8.34 0.09 11.92 10.56 7.19 11.36 0.14 0.10 12.03 0.13 10.73 11.66 12.44 11.19 0.13 1.79 11.87 10.41 12.11 11.63 0.16 0.17 11.75 11.95 0.08 13.18 11.62 9.61 11.23 11.21 11.35 12.34 10.96 11.34 11.09 1.24 12.61 10.96 9.27 10.43 11.28 1.69 12.04 12.86 0.12 5.54 0.19 13.92 0.38 0.12 0.28 12.73 10.59 11.90 11.57 12.44 11.92 9.92 11.67 12.59 0.10 0.16 0.13 9.25
10.86 11.04 11.29 11.63 11.69 10.75 10.85 0.10 9.92 10.37 10.93 11.08 11.32 0.13 11.58 11.04 1.01 12.39 11.79 11.29 11.45 0.19 12.34 12.83 11.76 0.10 12.28 13.68 13.13 13.72 12.16 12.45 0.11 12.88 11.05 12.38 5.24 3.98 0.13 12.59 12.63 11.45 0.18 6.37 9.14 10.59 9.12 10.53 9.90 10.53 0.09 11.77 0.09 10.05 8.17 11.36 11.20 12.44 11.47 1.41 0.17 0.24 12.90 12.94 11.28 11.45 12.62 12.20 11.00 11.62 0.09 12.34 9.28 0.12 13.95 14.67 4.87 10.37 10.55
10.67 11.80 9.93 11.33 10.36 11.33 10.69 10.75 10.18 4.00 11.02 12.24 13.05 10.63 11.16 11.14 0.12 0.10 9.83 10.73 10.95 3.91 12.58 11.22 11.20 10.04 11.77 0.14 0.11 14.37 13.33 12.06 12.32 12.44 12.72 12.27 1.13 0.12 13.73 10.11 0.34 12.56 0.18 0.65 12.05 11.59 9.33 10.20 10.12 11.05 0.91 0.12 0.13 7.41 7.71 10.64 0.18 9.41 1.21 0.14 9.67 12.02 0.16 10.66 3.79 3.87 13.02 1.01 0.85 11.80 0.13 13.36 5.18 9.38 14.51 13.72 0.06 9.59 10.24
10.34 0.15 10.37 10.25 10.49 10.70 0.08 11.01 10.29 9.69 11.01 10.62 2.37 5.53 11.73 10.70 11.97 12.86 12.07 4.40 12.39 5.78 13.17 11.76 7.44 7.37 12.75 12.47 14.72 14.40 0.34 13.01 12.22 12.73 12.29 12.83 0.90 5.11 12.16 0.13 11.59 0.72 5.31 5.53 0.10 9.97 11.18 10.36 10.38 9.89 0.09 11.64 11.47 10.02 10.72 10.50 11.17 11.39 10.38 10.06 0.35 12.10 0.25 0.60 2.47 4.38 2.82 9.01 12.62 11.53 15.08 14.72 11.83 11.37 13.98 13.54 0.09 10.79 11.19
11.01 10.15 11.29 11.75 11.18 10.71 12.00 11.00 11.86 11.96 12.59 12.46 12.41 12.41 12.01 11.79 13.54 12.75 13.07 2.42 13.25 12.44 13.15 4.82 13.40 12.63 12.91 5.31 14.58 14.04 12.71 12.42 12.84 13.34 0.09 12.00 3.96 0.15 12.85 9.92 11.66 3.34 3.88 10.57 0.14 10.37 10.53 0.08 9.80 10.27 11.01 11.22 9.55 10.78 9.88 0.07 10.46 11.84 11.52 12.28 12.78 0.13 13.18 13.28 11.11 12.12 0.17 10.03 12.47 12.18 14.76 14.73 12.39 12.24 14.08 15.18 14.16 0.07 3.13
11.00 11.52 10.73 10.11 11.24 0.23 11.55 2.37 10.16 12.74 12.52 3.67 12.58 12.95 12.78 13.87 13.37 8.85 12.99 12.02 13.07 11.66 4.60 12.41 12.32 11.62 12.94 5.15 13.23 10.90 11.88 11.15 0.21 13.03 13.19 0.08 11.35 11.46 0.12 10.73 12.69 10.93 4.05 11.56 11.34 10.49 2.54 10.18 11.30 10.25 1.12 11.01 12.27 1.08 10.94 12.95 12.91 13.24 13.14 13.53 10.63 0.14 8.47 13.75 11.79 11.91 0.16 0.41 10.93 12.00 0.10 12.72 11.94 11.37 0.10 14.34 12.78 15.26 15.96
11.82 11.98 10.99 11.56 0.10 10.74 11.60 9.34 8.31 10.31 8.17 0.15 0.13 0.13 0.25 12.60 11.97 11.04 10.55 0.12 9.64 12.86 12.35 0.12 10.49 12.08 0.63 12.63 12.76 0.50 10.11 13.48 14.06 15.10 13.11 12.02 0.11 11.69 11.76 11.84 11.96 0.13 11.30 10.31 0.08 11.67 10.39 10.29 12.55 9.91 2.24 11.35 9.08 11.54 11.84 13.33 13.40 13.62 10.17 12.71 11.55 11.54 12.61 12.77 11.30 11.93 13.58 0.38 12.52 12.79 0.10 10.35 11.88 0.11 0.11 15.30 14.80 0.66 14.74
0.18 11.46 9.90 11.12 10.93 9.85 0.11 8.37 8.41 10.16 0.09 3.53 10.97 11.27 11.36 11.56 11.08 11.57 10.01 9.95 9.75 12.88 12.09 11.89 11.52 11.79 4.34 12.62 12.87 0.09 12.34 12.40 0.15 0.07 11.15 10.68 10.43 9.83 0.11 11.70 12.26 11.83 1.08 9.82 0.13 10.26 1.42 10.48 0.10 3.71 11.47 10.55 11.08 11.56 11.67 11.30 0.22 0.21 12.28 11.33 11.76 0.10 13.38 13.31 12.13 12.43 13.83 11.81 13.80 12.32 12.11 12.73 12.00 0.08 11.28 13.79 15.15 0.27 14.49
11.29 10.88 0.07 10.55 10.13 8.82 9.26 9.70 9.58 9.33 10.59 9.19 9.06 5.66 10.84 10.90 11.40 11.89 11.25 7.69 7.93 12.61 11.64 11.80 10.70 10.35 9.46 3.43 1.46 12.07 12.66 11.57 12.30 3.13 10.55 10.28 0.13 0.09 12.35 12.07 11.15 9.91 7.65 4.60 10.54 9.33 8.87 10.71 11.88 12.10 11.00 11.77 11.49 11.46 12.70 12.59 12.79 0.08 10.17 12.15 0.12 7.70 10.91 11.80 11.13 0.13 10.85 11.50 12.66 10.83 10.51 12.39 12.03 0.17 11.18 0.09 15.33 6.05 15.02
0.11 10.80 11.38 12.26 10.29 9.37 9.41 10.23 8.51 9.64 9.56 9.27 9.26 9.29 9.76 9.45 11.95 12.32 10.98 13.48 1.15 11.33 11.64 11.08 10.73 0.17 11.43 14.31 14.24 11.83 10.58 5.34 4.78 5.50 0.13 0.10 0.14 9.43 0.77 10.95 0.11 9.61 10.13 9.29 10.19 10.89 10.90 9.23 1.22 9.09 5.36 0.13 11.55 10.91 12.10 10.58 12.88 12.98 11.58 13.32 10.22 0.10 11.18 12.28 12.30 11.85 12.51 12.50 12.79 9.84 12.12 12.97 0.22 10.81 11.19 0.07 14.63 13.92 16.46
9.65 11.00 10.69 12.72 10.77 11.23 9.69 10.88 11.03 10.20 10.63 10.57 6.26 9.33 9.63 9.40 4.60 10.94 4.66 13.75 0.13 11.09 11.27 11.42 10.55 0.40 10.88 11.66 10.88 12.10 4.41 13.63 8.63 0.09 12.31 13.14 13.68 8.98 2.94 10.02 10.29 9.94 11.10 10.08 10.13 11.28 11.16 4.50 10.87 11.25 11.40 11.95 11.36 9.92 11.03 12.00 11.26 12.74 13.53 13.36 10.99 11.54 12.04 12.61 12.24 0.12 0.12 10.52 0.14 11.04 13.08 0.23 13.71 12.68 12.26 0.10 14.53 14.42 15.38
0.24 10.35 10.89 10.55 11.24 10.99 11.02 11.22 9.98 10.90 10.84 10.91 10.65 10.68 3.08 10.71 10.94 11.05 11.55 10.25 0.17 10.88 0.16 10.83 10.41 11.47 10.92 12.01 11.78 0.09 0.14 0.14 0.09 13.40 13.24 12.90 13.07 7.93 0.14 9.97 10.80 8.55 10.01 10.31 9.79 10.95 3.64 11.74 12.28 12.66 2.30 3.36 10.51 11.34 12.73 11.29 12.36 12.19 13.48 13.13 11.46 11.58 13.26 13.30 10.97 14.54 11.97 10.40 0.14 0.13 13.12 13.50 13.25 10.94 0.14 0.80 13.56 15.27 1.11
0.15 0.17 11.02 11.80 11.16 10.25 10.20 11.33 10.77 11.67 11.36 11.26 9.93 0.10 11.58 0.17 4.06 10.57 11.07 0.06 9.28 11.36 8.15 9.60 11.25 11.65 8.70 10.70 11.98 9.34 11.87 10.42 1.03 13.22 12.54 13.02 12.34 9.49 10.07 0.11 0.08 10.57 0.15 11.78 11.87 11.93 11.30 12.51 12.88 13.40 10.57 12.17 11.19 11.72 10.98 11.76 10.92 0.88 11.82 1.31 10.35 10.00 13.38 13.69 1.38 14.94 12.64 11.50 12.85 0.22 1.76 1.70 0.12 0.32 0.09 8.90 15.35 16.88 0.15
0.24 0.08 10.79 12.17 7.83 9.09 12.00 10.34 10.86 12.54 12.27 11.39 0.09 10.60 10.49 10.80 0.14 11.51 10.71 4.57 10.94 10.86 9.71 7.86 8.94 9.70 6.27 10.46 11.73 6.33 10.38 12.55 11.96 12.80 12.86 12.62 11.70 10.73 9.54 10.51 11.22 11.40 10.05 12.09 11.05 7.34 11.03 11.87 0.10 0.17 6.36 0.17 11.58 11.78 11.09 12.72 11.86 11.58 11.05 13.09 10.75 12.38 11.23 11.17 10.80 11.91 12.04 0.21 12.34 10.07 0.12 11.30 10.52 11.85 11.42 9.89 1.43 15.26 1.02
8.12 0.21 10.95 10.67 11.68 10.93 10.95 11.24 10.20 0.10 11.58 10.56 11.24 12.16 10.15 11.13 11.74 11.57 3.63 8.60 9.26 0.94 9.90 9.31 9.17 9.91 9.76 10.84 3.70 11.61 1.19 11.52 4.23 12.13 0.10 10.94 0.09 11.10 10.27 10.95 9.95 10.04 10.63 11.08 0.13 12.52 13.23 13.38 12.65 11.09 12.81 12.49 10.81 10.52 11.14 12.18 13.02 12.59 13.07 13.31 0.12 13.70 13.54 12.43 10.97 9.18 9.84 11.42 11.29 11.72 10.19 11.82 12.31 11.25 11.19 0.70 15.76 16.32 16.15
8.83 0.29 9.51 11.05 11.46 10.45 0.09 13.41 9.83 11.42 12.21 9.67 11.07 9.59 12.39 10.82 10.52 9.05 0.08 9.74 10.00 9.54 10.51 9.97 9.66 9.94 9.69 5.04 11.65 12.76 12.38 7.61 6.27 11.37 9.78 11.28 11.84 9.89 9.31 7.64 10.02 9.60 10.28 0.10 10.99 12.12 1.41 12.92 12.74 11.93 10.60 11.32 11.48 11.02 11.14 13.00 13.68 0.10 12.87 0.11 0.11 0.09 5.97 9.45 9.43 7.85 11.08 11.45 10.76 9.49 8.12 7.50 10.94 11.95 5.55 0.19 15.36 16.61 15.43
9.78 0.20 9.57 9.64 9.79 11.18 11.30 11.02 11.26 10.77 12.20 10.88 11.02 11.11 9.77 10.52 11.13 9.09 7.68 9.62 10.24 9.85 8.55 10.30 10.43 9.54 9.41 10.17 9.64 10.90 10.42 11.52 10.71 10.28 10.65 11.20 10.11 10.01 9.68 9.72 10.09 12.75 11.97 11.83 12.14 0.10 10.96 11.54 9.89 0.11 11.65 8.74 10.21 10.69 0.23 11.14 13.24 0.10 0.10 7.21 7.70 0.30 6.36 11.10 10.77 10.83 7.38 10.17 8.92 11.65 0.19 0.20 0.17 0.17 3.80 11.05 8.72 0.13 0.07
10.39 10.35 0.11 9.90 9.68 11.77 11.37 11.76 11.67 11.49 10.14 11.66 11.67 11.97 0.11 5.59 10.91 10.24 10.29 9.38 10.38 10.09 9.92 11.18 0.06 10.28 9.41 9.77 10.93 11.22 11.55 11.62 10.87 9.90 10.45 10.05 9.76 10.93 11.76 11.54 9.66 13.45 13.25 13.18 14.85 5.05 12.67 10.44 8.38 12.16 11.31 8.62 0.95 0.09 8.07 8.66 0.10 10.43 9.98 8.21 9.65 11.80 7.90 9.34 8.94 9.31 7.43 8.69 5.80 0.23 0.17 0.23 9.21 10.64 11.04 11.52 8.13 0.13 0.10
10.97 1.30 0.25 10.09 9.77 10.33 10.13 10.99 8.66 12.68 12.62 11.35 11.87 4.75 11.11 10.51 10.40 9.53 3.39 8.90 9.54 8.50 10.20 5.19 10.44 9.95 9.93 1.30 0.12 9.11 5.17 3.95 10.01 10.12 10.21 0.14 10.72 10.91 11.01 11.42 10.88 3.56 0.16 0.20 14.92 11.23 11.81 10.87 10.42 0.21 0.10 0.08 0.17 0.09 7.22 9.87 8.66 10.50 10.93 6.94 8.86 8.34 10.98 10.87 11.32 9.01 12.46 9.65 0.19 0.33 0.26 9.58 6.84 0.25 11.75 10.83 9.22 0.13 0.09
10.19 10.69 0.32 10.29 10.44 11.49 12.02 11.90 11.54 0.11 11.83 11.11 12.26 11.47 11.43 8.18 11.06 8.93 10.52 9.59 10.19 10.02 10.34 10.78 10.59 10.40 12.07 5.05 12.17 9.39 8.87 9.85 10.29 10.99 1.59 4.08 0.13 11.31 10.17 11.36 12.53 8.26 0.19 0.20 0.11 9.92 0.08 0.09 10.72 11.27 11.87 9.29 8.86 10.31 0.10 9.25 0.11 0.10 7.22 0.12 10.94 11.62 12.04 12.02 0.20 11.81 13.23 10.61 12.82 11.56 9.18 10.28 11.52 8.50 0.21 5.37 4.59 0.16 0.04
