data/asc/PuenteDuero/reserva/348_4600_2017_alt95.asc
ncols 200 
nrows 200 
xllcenter 348005.000 
yllcenter 4598005.000 
cellsize 10.000 
nodata_value -9999 
[rows 111 to 147 of 200, columns 0 to 83 of 200]
2.02 2.41 1.64 0.16 0.17 0.16 0.15 0.14 0.11 0.13 0.14 0.11 0.10 0.08 0.10 0.07 0.08 0.08 0.06 0.08 0.08 0.09 0.10 0.09 0.07 0.08 0.07 0.07 0.07 0.07 0.05 0.06 0.09 0.08 0.08 0.06 0.07 0.05 0.05 0.06 0.06 0.07 0.05 0.06 0.05 0.06 0.05 0.07 0.08 0.08 0.06 0.05 0.08 0.05 0.07 0.07 0.12 0.10 3.05 11.18 4.81 4.55 11.73 4.50 12.51 12.91 12.43 11.02 11.79 0.37 0.51 0.44 0.16 0.14 4.57 1.94 0.13 0.15 0.15 4.23 4.57 10.13 9.98 3.37
0.13 0.24 4.59 3.01 0.24 0.19 0.21 0.17 0.16 0.15 0.13 0.11 0.13 0.13 0.12 0.09 0.10 0.10 0.10 0.09 0.08 0.09 0.10 0.09 0.07 0.09 0.07 0.11 0.09 0.07 0.07 0.07 0.07 0.07 0.05 0.06 0.06 0.04 0.05 0.04 0.06 0.04 0.05 0.06 0.05 0.07 0.05 0.06 0.07 0.08 0.09 0.07 0.07 0.07 0.07 0.09 0.09 0.06 0.06 0.13 2.04 4.72 12.65 11.49 13.16 12.26 13.02 14.15 12.05 0.27 0.18 0.17 0.14 1.03 0.48 4.58 0.25 0.22 0.17 0.16 4.99 3.02 1.32 5.30
0.10 0.09 0.27 0.94 2.68 2.12 0.20 0.23 0.19 0.16 0.15 0.14 0.11 0.10 0.11 0.10 0.09 0.12 0.12 0.09 0.11 0.10 0.10 0.10 0.09 0.07 0.11 0.08 0.08 0.10 0.08 0.08 0.08 0.07 0.07 0.06 0.08 0.07 0.07 0.05 0.05 0.05 0.07 0.05 0.05 0.05 0.06 0.05 0.06 0.06 0.08 0.07 0.08 0.06 0.07 0.10 0.07 0.06 0.07 0.07 0.06 0.06 0.06 0.11 12.93 12.56 13.11 4.77 0.45 7.02 9.32 3.42 1.07 0.52 7.33 0.32 0.82 0.56 0.17 2.94 13.22 11.91 0.20 2.34
2.52 0.33 0.09 0.08 1.00 1.15 0.19 0.22 0.19 0.18 0.20 0.16 0.14 0.11 0.12 0.09 0.11 0.09 0.10 0.13 0.12 0.14 0.11 0.12 0.10 0.09 0.08 0.10 0.08 0.09 0.07 0.08 0.07 0.09 0.07 0.09 0.09 0.08 0.09 0.06 0.09 0.06 0.08 0.08 0.07 0.06 0.10 0.05 0.07 0.07 0.07 0.05 0.08 0.09 0.08 0.12 0.08 0.10 0.07 0.06 0.06 0.06 0.06 0.06 0.05 0.08 0.07 0.10 0.68 0.90 2.10 0.61 0.51 0.16 0.14 2.85 0.70 1.00 0.38 6.02 13.96 12.55 0.19 5.19
18.67 23.63 15.42 0.73 0.09 0.12 0.20 0.19 0.20 0.18 0.19 0.17 0.14 0.14 0.11 0.10 0.11 0.09 0.10 0.10 0.10 0.11 0.11 0.11 0.10 0.12 0.09 0.10 0.13 0.09 0.07 0.08 0.07 0.08 0.08 0.09 0.07 0.06 0.08 0.08 0.10 0.06 0.05 0.08 0.08 0.07 0.06 0.08 0.07 0.05 0.06 0.07 0.07 0.07 0.07 0.11 0.08 0.07 0.07 0.07 0.08 0.08 0.07 0.06 0.06 0.05 0.08 0.06 0.06 0.09 0.17 11.27 12.76 12.94 0.17 0.19 1.18 1.03 0.30 0.21 3.17 3.15 4.40 5.75
17.67 25.21 17.81 15.14 1.92 0.10 0.15 0.17 0.20 0.20 0.17 0.14 0.17 0.15 0.13 0.13 0.10 0.10 0.07 0.09 0.12 0.10 0.10 0.10 0.10 0.10 0.12 0.09 0.11 0.09 0.08 0.08 0.06 0.08 0.08 0.09 0.11 0.08 0.07 0.07 0.07 0.06 0.08 0.09 0.06 0.07 0.07 0.08 0.05 0.07 0.05 0.07 0.09 0.08 0.10 0.07 0.09 0.08 0.07 0.07 0.08 0.07 0.08 0.07 0.06 0.07 0.06 0.06 0.08 0.91 0.07 12.01 12.31 12.65 4.28 0.38 0.66 0.51 0.36 4.28 0.23 4.28 3.80 0.27
0.27 16.09 13.68 5.06 2.58 1.94 1.13 0.14 0.13 0.19 0.21 0.16 0.16 0.17 0.18 0.15 0.16 0.11 0.10 0.10 0.10 0.09 0.09 0.11 0.09 0.09 0.09 0.11 0.10 0.10 0.09 0.10 0.09 0.08 0.07 0.07 0.07 0.06 0.07 0.07 0.06 0.06 0.06 0.07 0.08 0.08 0.07 0.07 0.06 0.06 0.09 0.05 0.05 0.06 0.15 0.07 0.08 0.08 0.06 0.07 0.10 0.07 0.07 0.06 0.07 0.07 0.06 0.06 0.06 0.06 0.06 0.14 0.15 0.08 4.77 0.29 0.49 0.28 0.25 0.32 1.53 4.95 5.11 0.12
0.89 2.25 17.72 15.03 8.05 1.14 1.49 2.04 0.10 0.14 0.19 0.17 0.23 0.91 0.15 0.17 0.14 0.15 0.16 0.14 0.12 0.09 0.06 0.10 0.07 0.09 0.09 0.10 0.09 0.10 0.07 0.11 0.08 0.08 0.08 0.08 0.06 0.06 0.06 0.07 0.09 0.05 0.06 0.05 0.07 0.07 0.07 0.07 0.06 0.07 0.10 0.09 0.06 0.07 0.15 0.07 0.07 0.07 0.08 0.08 0.08 0.08 0.07 0.06 0.07 0.07 0.07 0.09 0.06 0.06 0.07 0.07 0.07 0.37 0.19 0.28 0.18 0.30 4.90 0.17 0.21 5.03 5.16 0.13
2.40 12.30 23.13 17.33 4.84 15.18 0.58 1.07 3.97 0.28 0.23 0.14 0.17 0.43 0.77 0.17 0.15 0.16 0.16 0.16 0.19 0.14 0.09 0.10 0.08 0.09 0.07 0.09 0.11 0.14 0.10 0.09 0.10 0.07 0.09 0.08 0.07 0.06 0.05 0.08 0.07 0.05 0.05 0.05 0.12 0.05 0.06 0.05 0.08 0.08 0.05 0.09 0.07 0.08 0.10 0.06 0.06 0.08 0.07 0.07 0.08 0.06 0.08 0.06 0.08 0.06 0.06 0.08 0.06 0.06 0.06 0.08 0.08 3.57 7.76 0.09 0.22 4.15 0.15 12.70 11.39 5.43 5.35 0.29
4.01 6.68 18.20 3.91 3.56 14.74 9.13 1.30 11.56 1.53 2.39 1.55 0.18 0.17 0.17 0.17 0.16 0.40 0.33 0.16 0.19 0.14 0.15 0.15 0.13 0.10 0.08 0.10 0.11 0.09 0.11 0.12 0.12 0.09 0.10 0.12 0.08 0.06 0.05 0.05 0.07 0.05 0.05 0.04 0.10 0.07 0.07 0.05 0.08 0.07 0.06 0.07 0.06 0.08 0.06 0.07 0.07 0.08 0.08 0.08 0.07 0.07 0.07 0.07 0.07 0.07 0.05 0.06 0.05 0.07 0.06 0.07 0.07 12.00 11.80 10.34 4.73 5.43 11.59 11.87 8.22 3.57 13.33 7.31
4.55 1.97 5.29 4.90 7.26 1.72 12.43 15.82 0.36 0.88 0.45 0.47 2.31 0.44 0.19 0.15 0.18 0.16 0.90 0.69 0.18 0.19 0.19 0.19 0.16 0.14 0.13 0.09 0.09 0.10 0.12 0.12 0.11 0.14 0.12 0.12 0.12 0.10 0.07 0.07 0.06 0.06 0.05 0.07 0.06 0.08 0.06 0.08 0.06 0.07 0.07 0.08 0.08 0.09 0.05 0.06 0.07 0.07 0.10 0.09 0.07 0.07 0.07 0.07 0.06 0.06 0.06 0.06 0.07 0.07 0.07 0.07 0.07 11.88 12.07 11.27 11.39 6.20 10.78 11.29 5.97 5.93 13.31 6.20
13.53 1.93 13.23 4.19 13.27 3.09 13.49 13.92 16.32 16.65 17.32 17.99 0.65 1.19 1.94 0.14 0.15 0.16 0.20 0.16 0.15 0.15 0.17 0.17 0.16 0.19 0.20 0.19 0.17 0.15 0.10 0.14 0.12 0.12 0.13 0.11 0.12 0.11 0.16 0.11 0.08 0.08 0.07 0.09 0.06 0.07 0.06 0.09 0.05 0.07 0.07 0.08 0.07 0.09 0.08 0.07 0.06 0.07 0.07 0.07 0.09 0.08 0.09 0.06 0.06 0.07 0.06 0.06 0.06 0.07 0.05 0.09 0.06 0.06 0.12 9.77 12.41 6.10 9.43 5.36 0.10 9.98 9.92 12.26
13.63 13.76 13.25 7.22 13.70 15.08 5.05 9.35 3.33 14.47 21.87 17.46 11.93 14.77 0.86 1.55 2.37 1.35 0.22 0.18 0.20 0.18 0.18 0.21 0.17 0.20 0.19 0.23 0.18 0.20 0.16 0.18 0.15 0.16 0.15 0.11 0.14 0.15 0.15 0.11 0.15 0.14 11.80 11.06 0.07 0.07 0.11 0.06 0.06 0.08 0.08 0.07 0.13 0.07 0.08 0.10 0.07 0.08 0.07 0.09 0.08 0.08 0.08 0.07 0.07 0.07 0.07 0.06 0.06 0.08 0.05 0.06 0.06 0.06 0.08 6.37 12.54 4.79 1.71 3.23 0.18 8.61 8.93 11.88
12.55 12.46 3.80 11.69 12.76 14.13 14.05 8.42 4.49 13.70 18.72 18.70 14.43 16.33 13.34 15.02 7.92 4.31 1.53 0.32 0.14 0.17 0.17 0.23 0.20 0.21 0.20 0.21 0.21 0.24 0.21 0.17 0.18 0.20 0.20 0.20 0.15 0.17 0.15 0.17 0.14 0.13 12.26 10.95 0.07 0.11 0.08 0.07 0.06 0.05 0.09 0.05 0.08 0.06 0.07 0.10 0.09 0.07 0.07 0.08 0.08 0.08 0.08 0.07 0.07 0.06 0.06 0.07 0.05 0.07 0.07 0.06 0.06 0.05 0.06 0.08 0.09 5.26 5.28 5.51 4.17 3.79 5.70 7.02
12.42 12.16 10.13 10.91 12.12 12.09 10.70 10.66 4.59 15.04 13.54 18.68 15.64 11.53 14.55 14.26 1.81 0.69 1.25 1.76 1.41 0.39 0.11 0.11 0.40 0.23 0.23 0.24 0.19 0.22 0.23 0.19 0.20 0.20 0.19 0.19 0.19 0.22 0.23 0.18 0.22 0.17 0.20 0.21 0.16 0.15 0.10 0.09 0.05 0.09 0.06 0.05 0.10 0.09 0.07 0.09 0.07 0.08 0.07 0.08 0.07 0.11 0.07 0.07 0.05 0.06 0.07 0.05 0.05 0.06 0.07 0.07 0.08 0.05 0.04 0.06 0.07 9.80 11.57 3.01 4.79 5.78 4.37 3.22
12.01 11.61 12.31 12.90 11.41 11.29 12.16 10.89 11.61 10.85 9.75 11.52 2.19 11.48 3.88 1.60 1.84 3.10 15.35 15.33 2.70 1.67 2.10 2.27 1.88 0.58 0.13 0.14 0.17 0.16 0.20 0.21 0.20 0.18 0.22 0.27 0.26 0.21 0.20 0.19 0.26 0.18 0.28 0.22 0.20 0.19 0.19 0.24 0.17 0.14 0.11 0.11 0.11 0.07 0.09 0.11 0.11 0.08 0.10 0.09 0.10 0.10 0.07 0.06 0.07 0.06 0.06 0.05 0.05 0.07 0.07 0.07 0.07 0.06 0.05 0.07 0.07 0.09 10.74 10.68 9.99 10.39 9.10 0.09
12.35 13.06 12.29 11.97 11.65 11.29 12.02 11.51 10.44 9.59 11.19 10.66 9.47 6.55 11.79 9.29 9.14 5.75 3.24 19.89 1.66 2.07 9.52 12.49 12.14 2.17 12.75 11.29 13.64 9.46 2.28 2.39 3.08 2.32 2.57 2.55 0.20 0.15 0.15 0.20 0.16 0.16 0.15 0.27 0.25 0.30 0.26 0.21 0.22 0.27 0.22 0.17 0.15 0.10 0.13 0.12 0.12 0.11 0.11 0.11 0.09 0.07 0.06 0.06 0.07 0.08 0.05 0.06 0.08 0.08 0.06 0.06 0.07 0.06 0.06 0.06 0.08 0.07 0.09 10.76 10.80 7.69 11.66 10.78
11.56 11.69 11.94 11.90 10.66 12.31 11.96 12.25 12.71 12.76 11.95 12.81 10.07 9.97 9.95 14.52 4.26 13.34 12.45 6.30 5.11 5.04 0.19 15.04 16.34 12.07 13.18 14.30 14.58 5.03 6.74 10.08 16.18 14.86 13.29 16.06 18.40 12.25 0.21 2.30 2.76 1.83 4.02 0.40 0.31 0.30 0.28 0.28 0.25 0.24 0.25 0.25 0.27 0.21 0.20 0.17 0.14 0.15 0.15 0.15 0.17 0.11 0.09 0.07 0.06 0.06 0.07 0.06 0.06 0.07 0.07 0.07 0.07 0.07 0.07 0.06 0.19 0.11 0.10 6.82 5.82 6.20 4.41 3.82
13.02 11.73 11.64 11.79 11.44 11.01 0.13 12.45 12.98 12.21 2.39 6.08 11.43 10.29 11.19 11.80 11.70 10.95 10.55 10.81 10.40 5.01 5.84 15.88 15.93 15.32 17.72 18.41 18.33 16.23 14.85 15.53 18.67 19.08 10.54 15.62 12.20 18.62 18.33 1.29 0.71 2.85 10.19 2.64 5.80 5.96 1.52 0.25 0.30 0.27 0.30 0.25 0.25 0.24 0.24 0.24 0.20 0.17 0.18 0.17 0.17 0.14 0.12 0.10 0.10 0.07 0.06 0.07 0.06 0.06 0.06 0.08 0.07 0.06 0.08 0.07 0.10 0.14 0.25 0.15 0.15 2.11 4.23 0.10
12.78 12.19 12.43 12.81 12.14 10.94 12.44 13.00 12.56 11.91 12.45 12.16 11.22 11.54 3.01 11.82 10.83 10.83 10.92 10.11 11.20 11.18 11.00 11.01 7.93 1.31 15.09 8.09 14.21 14.39 17.11 15.79 18.14 19.88 17.46 18.53 12.68 15.80 4.98 0.19 12.19 17.30 15.71 14.30 16.03 15.44 11.01 12.72 1.13 0.29 0.33 0.24 0.23 0.26 0.24 0.23 0.22 0.20 0.22 0.21 0.21 0.16 0.16 0.14 0.15 0.12 0.10 0.10 0.07 0.10 0.07 0.07 0.08 0.07 0.08 0.10 0.06 0.07 0.08 0.06 0.08 0.15 0.30 0.49
12.03 11.21 12.39 11.08 9.20 10.67 11.74 12.01 12.20 12.31 12.16 12.28 12.32 11.80 11.68 10.97 12.26 9.68 10.79 10.81 11.49 11.28 11.29 8.66 9.67 9.85 13.75 10.31 5.36 5.96 5.03 11.07 17.59 17.02 18.38 13.21 1.36 17.02 1.87 3.22 6.82 14.29 13.41 12.28 16.09 16.23 15.70 15.09 13.11 2.04 2.57 0.94 0.22 0.29 0.27 0.22 0.23 0.27 0.23 0.25 0.22 0.18 0.18 0.15 0.16 0.17 0.15 0.14 0.14 0.11 0.13 0.12 0.11 0.09 0.09 0.10 0.10 0.09 0.09 0.09 0.11 0.09 0.10 0.08
12.10 9.87 11.90 11.57 10.14 11.65 11.91 12.79 12.03 11.64 11.98 11.31 12.04 12.19 10.92 11.28 10.36 10.65 10.70 11.05 11.69 10.94 9.73 10.25 10.86 9.67 10.03 9.81 9.77 10.21 5.63 9.62 12.28 13.74 14.81 14.14 13.73 0.17 0.55 0.48 0.23 0.22 3.90 1.61 0.39 13.99 14.65 13.35 5.11 9.90 1.70 1.27 12.19 0.78 0.27 0.26 0.23 0.24 0.25 0.26 0.22 0.26 0.22 0.19 0.16 0.17 0.16 0.16 0.16 0.16 0.13 0.15 0.17 0.16 0.14 0.12 0.14 0.11 0.10 0.13 0.10 0.10 0.09 0.10
11.71 11.87 12.91 11.63 11.68 12.11 12.48 9.80 10.95 9.67 3.51 11.62 11.83 10.87 10.90 10.75 11.50 11.30 11.07 11.08 10.45 9.43 9.78 10.28 10.34 9.34 2.53 9.88 11.45 10.50 12.29 10.75 12.78 10.75 13.02 13.78 13.50 13.27 11.77 2.42 13.09 15.02 16.31 12.86 13.08 13.63 0.08 0.67 3.70 7.63 4.50 9.58 0.66 0.94 2.06 1.07 0.25 0.32 0.24 0.27 0.25 0.29 0.29 0.27 0.23 0.19 0.19 0.17 0.16 0.15 0.16 0.15 0.15 0.17 0.17 0.17 0.16 0.14 0.13 0.12 0.12 0.11 0.11 0.11
12.20 11.54 9.04 0.09 10.40 12.60 12.91 0.08 0.07 12.66 12.21 11.12 10.45 10.92 10.97 12.58 10.28 9.21 11.21 9.86 11.42 10.46 9.15 10.47 10.32 9.85 9.95 9.81 9.49 10.60 11.83 11.59 12.20 11.46 13.29 11.47 11.78 11.82 13.27 12.53 12.79 12.31 11.71 9.57 14.74 14.40 0.75 12.08 0.79 4.46 11.05 4.47 5.01 4.35 1.47 1.78 1.43 0.37 0.26 1.30 1.18 0.68 0.57 0.28 0.22 0.22 0.20 0.18 0.18 0.15 0.14 0.15 0.17 0.14 0.15 0.13 0.13 0.15 0.12 0.17 0.15 0.15 0.14 0.12
0.07 12.28 12.82 11.44 11.47 9.11 10.21 9.88 10.73 13.46 13.65 11.16 11.44 10.50 10.96 12.47 9.52 9.99 9.67 11.56 1.81 10.17 9.59 10.27 9.41 10.10 9.14 9.62 9.64 9.45 11.56 11.72 11.86 0.23 12.33 11.49 0.18 12.55 12.65 11.92 12.44 0.15 13.27 10.66 12.40 14.42 13.11 15.53 1.45 3.87 3.12 5.83 5.63 6.90 1.60 2.06 1.36 0.75 1.12 2.35 0.29 0.33 1.03 1.59 1.32 1.19 0.68 0.24 0.19 0.15 0.15 0.15 0.14 0.17 0.14 0.14 0.14 0.14 0.17 0.15 0.16 0.14 0.15 0.15
12.71 11.91 13.46 11.31 11.70 11.91 11.93 0.08 11.83 12.55 12.74 13.06 14.03 13.31 12.19 12.66 10.92 12.50 11.69 11.77 11.96 10.80 10.81 11.20 10.51 10.14 10.22 9.65 9.15 9.04 10.06 11.87 11.49 10.55 11.52 10.89 11.21 11.22 8.91 10.38 0.20 0.46 12.90 13.00 13.07 12.39 3.73 16.85 15.04 0.76 0.52 0.55 4.23 6.39 5.27 1.43 5.17 12.36 1.70 0.13 0.43 0.72 0.35 0.62 1.54 1.37 1.34 0.95 0.93 0.70 0.27 0.31 0.23 0.13 0.13 0.13 0.10 0.12 0.14 0.14 0.14 0.17 0.14 0.14
11.79 12.00 11.70 12.24 13.96 14.09 11.45 1.53 12.38 13.80 12.23 13.57 15.05 13.23 11.70 12.21 10.91 12.52 12.73 10.56 10.12 11.97 11.28 10.62 10.84 9.52 11.11 10.60 8.71 9.50 10.44 1.19 10.65 10.71 10.80 11.38 11.23 12.64 12.87 15.21 0.30 14.62 15.53 13.89 13.02 13.89 0.32 15.90 15.52 1.51 0.38 0.33 1.34 1.10 8.42 12.99 13.12 22.16 3.56 4.11 0.63 0.63 0.21 1.12 1.99 0.57 0.41 0.97 1.00 1.74 1.36 0.68 0.24 0.14 0.13 0.13 0.12 0.12 0.13 0.12 0.13 0.14 0.15 0.14
11.80 11.49 12.49 12.22 12.56 11.60 11.51 11.90 13.31 12.97 13.10 11.39 10.80 11.80 11.74 11.39 11.69 13.42 13.57 10.18 11.93 11.83 10.31 10.20 11.47 10.90 11.23 11.03 10.41 10.78 10.98 11.52 9.77 10.35 11.00 11.72 11.33 1.53 12.71 13.66 13.96 13.38 14.22 14.34 13.84 13.69 14.13 14.77 17.25 18.65 18.18 17.18 0.56 0.64 0.55 0.19 0.23 4.69 6.80 5.26 5.97 1.55 0.82 0.39 0.11 1.07 0.52 0.37 0.24 0.63 1.10 1.01 0.30 0.16 0.12 0.15 0.15 0.15 0.12 0.15 0.16 0.14 0.13 0.14
11.90 11.43 10.84 11.78 12.85 13.02 12.68 11.82 13.27 12.96 12.60 9.16 11.73 12.20 10.01 10.63 12.68 12.42 13.38 11.31 11.28 11.28 11.16 10.04 11.73 8.95 11.34 7.96 9.64 10.59 9.87 0.08 0.08 11.13 11.26 11.51 12.09 11.91 13.58 12.61 13.17 12.44 14.67 13.74 12.36 0.23 15.31 0.48 18.77 20.07 18.52 0.25 0.26 15.43 16.35 6.17 0.69 1.90 0.21 3.80 1.66 4.63 4.14 0.72 0.98 0.28 0.13 0.24 0.97 1.98 0.35 1.12 1.70 8.42 9.32 0.23 0.11 0.13 0.14 0.16 0.16 0.15 0.19 0.16
12.65 12.41 11.52 13.23 12.99 12.63 12.47 13.55 12.69 12.31 10.69 0.07 11.16 12.76 11.89 11.46 12.93 13.22 12.11 11.50 12.04 10.35 13.15 12.31 11.50 11.20 11.76 10.21 10.73 1.69 9.91 10.48 11.12 11.37 10.76 10.07 2.62 11.93 12.49 0.07 13.51 12.91 0.12 12.63 14.36 15.89 18.16 1.65 18.87 19.51 20.07 19.45 16.76 15.65 16.12 13.20 15.93 1.74 4.32 0.61 0.31 4.84 5.84 5.57 0.82 0.66 0.44 0.50 0.14 0.42 23.17 6.14 3.30 10.45 12.06 8.51 8.93 10.12 11.10 0.21 0.11 0.12 0.15 0.12
13.47 13.09 11.82 13.00 13.00 12.61 12.32 13.24 13.71 13.53 12.62 12.50 12.71 13.59 13.46 12.16 10.69 11.91 12.14 11.94 12.55 12.03 11.65 12.36 11.46 12.05 12.39 10.04 10.44 8.88 11.66 13.70 10.94 11.14 0.82 10.91 9.73 0.06 11.88 12.67 12.39 13.80 0.14 14.10 13.97 16.09 18.33 17.47 18.07 16.85 16.88 0.44 17.44 15.20 0.63 14.00 0.15 4.27 1.40 2.47 1.10 0.67 1.26 5.38 12.82 16.36 0.22 0.22 2.25 11.02 26.81 26.24 10.77 1.72 0.33 17.87 10.70 12.11 14.48 11.90 5.29 9.69 11.06 9.84
11.81 9.77 11.96 12.33 10.07 11.86 10.82 12.13 12.92 12.32 12.20 12.36 11.91 13.24 12.46 12.40 13.77 14.31 12.81 12.98 12.38 11.25 12.46 14.48 12.19 10.98 10.71 11.24 11.59 10.61 12.95 13.86 11.84 13.69 0.09 10.97 11.07 13.34 12.95 13.39 13.36 0.08 12.34 11.71 14.44 15.38 16.27 17.25 18.38 18.83 17.65 0.35 0.54 0.64 1.19 2.14 0.24 0.22 13.85 14.07 13.74 0.32 0.43 0.75 8.18 5.66 8.04 8.35 4.35 11.65 20.20 13.81 14.22 2.65 7.35 15.46 0.97 5.73 11.90 14.56 13.38 11.62 11.34 11.16
12.72 13.64 13.72 11.50 12.19 0.07 12.26 11.01 13.96 12.48 15.03 13.14 13.67 12.37 12.33 12.85 12.02 11.70 13.29 13.08 12.48 12.27 12.59 12.22 10.86 11.27 12.50 12.84 8.61 10.93 7.28 13.96 10.98 12.82 13.45 11.52 12.52 12.88 12.23 14.26 11.72 12.40 12.07 13.92 14.41 0.11 0.10 17.76 17.78 17.60 16.17 18.57 17.85 0.88 0.35 10.68 11.41 11.56 14.30 10.24 0.29 13.08 0.85 0.71 0.98 6.43 9.13 9.01 3.28 2.87 11.26 13.78 11.66 13.78 10.21 13.41 11.04 5.41 13.86 7.10 5.60 5.54 3.84 10.35
13.89 14.34 14.60 12.04 13.69 14.41 13.07 13.59 12.93 12.89 13.90 12.87 13.62 13.28 12.63 13.63 13.08 11.36 12.55 11.97 13.44 12.47 12.06 11.92 11.06 7.34 13.09 12.78 12.24 12.07 11.96 12.65 12.26 14.43 14.70 10.51 8.15 12.60 12.48 15.02 12.79 12.97 12.52 0.16 14.33 11.43 1.33 16.79 17.71 16.96 17.29 0.19 18.74 0.47 0.28 8.87 9.24 14.42 13.79 13.26 13.13 13.66 11.46 12.55 3.52 1.23 0.89 1.29 0.10 22.32 2.49 9.96 8.07 8.97 7.86 14.34 14.61 0.11 15.58 14.75 14.67 17.13 15.91 1.63
13.49 13.39 13.32 13.04 12.02 14.15 13.48 13.59 0.10 13.45 14.22 13.10 13.29 13.71 13.72 14.89 11.81 11.80 11.71 13.21 13.84 12.82 12.63 13.80 10.42 10.74 0.08 12.66 11.98 13.96 15.53 15.01 14.18 12.61 13.75 8.84 14.86 0.07 0.04 8.58 10.07 12.73 13.06 14.24 14.65 12.77 11.82 16.87 17.32 16.67 18.13 18.13 18.36 16.58 0.24 0.85 16.90 16.80 16.49 1.44 15.04 12.94 14.42 12.18 13.47 14.63 12.28 13.43 0.14 0.53 15.62 13.11 9.96 9.64 9.06 13.42 11.99 5.40 15.77 16.62 16.68 16.28 18.06 4.63
12.70 13.01 13.93 13.84 12.53 12.22 12.92 13.31 12.16 13.16 12.58 14.01 13.56 12.24 12.29 15.14 9.26 10.33 11.29 12.13 12.42 13.63 12.37 13.46 11.58 11.53 12.07 13.77 13.09 15.39 15.46 15.04 13.05 11.80 14.00 14.98 14.46 13.74 0.06 13.88 13.20 12.69 13.21 14.65 14.71 13.33 6.71 14.68 18.18 18.32 17.72 11.98 16.55 0.13 17.55 16.82 15.80 16.84 18.12 15.85 15.83 12.80 14.03 12.44 2.94 11.85 13.16 13.66 1.79 9.31 11.31 12.84 12.15 14.27 8.81 14.23 13.56 9.49 4.18 6.08 6.42 7.03 9.94 12.29
11.68 12.47 13.76 11.25 12.65 11.83 12.47 11.99 14.16 14.47 13.21 13.93 10.30 0.27 12.12 10.32 0.13 12.12 10.41 12.20 12.00 12.77 11.04 0.08 13.42 13.97 1.10 10.97 14.21 16.24 16.44 12.84 9.00 14.13 14.07 0.08 0.06 14.26 14.54 14.01 13.44 10.97 13.63 10.78 12.59 12.33 13.21 14.16 17.58 17.75 13.62 14.85 0.10 0.24 16.13 0.19 15.15 0.88 1.75 14.89 0.49 14.05 14.72 14.49 14.98 12.39 9.32 9.46 8.72 7.69 12.10 13.54 14.77 14.12 0.19 15.35 13.47 14.46 13.79 15.72 14.71 14.67 13.82 16.48
