data/asc/PuenteDuero/reserva/348_4600_2017_alt95.asc
ncols 200 
nrows 200 
xllcenter 348005.000 
yllcenter 4598005.000 
cellsize 10.000 
nodata_value -9999 
[rows 74 to 110 of 200, columns 0 to 83 of 200]
10.97 9.89 12.66 13.07 13.02 13.36 0.15 13.33 12.66 12.69 14.50 0.17 0.13 0.14 2.45 12.40 7.87 11.61 3.09 4.01 2.21 3.22 7.58 2.33 9.42 9.07 7.55 2.66 8.39 2.96 9.92 2.58 4.42 11.13 11.14 4.06 2.22 0.19 1.68 3.12 1.25 3.20 6.17 2.51 2.16 3.76 2.28 4.13 1.27 0.12 10.60 11.10 2.60 10.33 1.27 2.99 10.25 9.04 9.79 10.18 2.85 8.69 7.48 3.69 3.22 3.48 2.97 3.70 2.68 3.93 4.97 3.71 3.82 2.80 4.21 0.08 3.79 3.49 3.55 3.49 2.69 3.41 6.13 6.96
11.00 8.67 12.18 13.28 12.19 13.88 13.53 12.71 9.48 12.43 0.11 0.48 11.08 9.93 4.08 3.10 2.62 13.20 12.14 2.89 1.06 10.85 2.91 9.34 7.98 9.63 2.53 6.72 9.57 10.39 1.52 11.41 10.48 8.80 10.57 6.51 8.27 7.71 8.62 2.98 9.37 9.42 5.36 2.61 2.57 10.77 9.93 3.38 9.47 8.94 10.50 8.82 10.89 3.61 5.65 3.15 7.60 8.66 9.62 8.79 10.56 3.02 4.20 3.27 3.53 1.91 2.74 5.62 2.17 4.72 3.08 3.34 3.13 0.07 3.24 4.02 4.43 4.81 6.38 3.97 4.83 3.33 3.13 2.22
12.82 13.09 3.96 12.03 12.21 0.13 0.14 13.28 2.04 13.07 0.29 13.43 12.28 0.15 11.55 12.13 6.70 12.44 2.63 10.36 5.52 1.33 9.72 0.36 2.82 2.10 7.73 9.64 9.89 0.35 2.57 9.88 9.51 4.40 8.57 6.71 3.28 4.04 2.82 9.16 9.25 1.07 0.87 8.21 6.18 8.27 3.15 3.66 5.19 2.55 1.60 3.28 9.98 2.08 3.43 2.80 6.67 10.52 4.06 3.24 5.68 0.88 6.69 9.88 3.03 2.09 3.19 2.52 2.55 2.39 2.58 3.00 0.08 3.54 3.69 3.78 3.19 2.74 9.61 3.37 3.78 3.92 3.32 3.92
11.38 13.25 11.91 0.14 11.93 11.95 0.11 13.90 10.55 2.47 11.32 12.23 11.93 11.12 10.82 2.63 3.13 13.25 11.72 11.72 9.35 10.04 2.09 9.92 1.24 1.50 2.49 2.09 2.03 2.43 10.39 7.48 6.89 7.80 3.22 2.01 2.91 0.14 7.09 2.36 6.58 7.84 9.15 6.03 8.30 8.46 9.49 8.73 0.94 5.88 0.17 3.48 2.75 9.81 1.81 7.75 6.66 2.35 1.62 10.70 8.69 8.30 3.08 9.49 4.02 4.01 3.50 2.63 2.77 2.53 2.63 7.24 3.12 0.69 2.30 1.93 2.54 1.60 10.03 2.25 3.43 10.81 9.16 9.99
0.70 14.10 13.83 13.74 10.76 11.41 11.56 10.26 1.31 1.81 10.47 11.44 0.13 11.12 10.73 0.17 2.56 1.39 1.17 10.98 2.79 9.18 1.25 8.88 9.56 8.66 2.21 2.27 1.43 2.65 8.78 8.49 3.00 3.62 11.19 2.83 7.26 2.93 7.67 1.81 8.41 2.96 8.51 2.14 8.75 2.61 0.16 2.60 8.41 8.79 10.02 3.01 10.27 9.07 9.02 10.47 3.66 8.40 0.19 10.67 2.36 2.78 5.75 3.68 3.32 3.61 2.61 9.93 9.89 2.50 2.62 8.91 9.28 2.74 3.86 2.59 2.93 2.51 5.25 2.83 3.91 2.20 2.04 10.83
8.38 1.23 12.68 11.97 11.94 12.19 0.11 0.11 10.42 10.03 0.18 11.46 0.93 12.27 2.71 12.23 0.17 14.74 14.39 0.21 10.43 8.69 3.00 10.64 1.59 10.10 9.82 0.51 2.44 9.15 9.01 10.11 9.64 2.52 10.17 7.83 2.62 4.31 2.04 3.77 3.14 9.48 9.50 4.38 2.88 2.27 1.93 8.29 6.96 2.42 9.06 3.25 6.71 2.64 3.49 6.88 10.17 10.44 2.45 9.74 3.53 4.16 3.49 3.33 2.73 3.05 3.44 3.47 3.32 7.96 7.24 9.84 7.28 3.97 3.58 2.96 3.51 2.81 4.19 3.35 3.74 11.01 4.21 3.22
0.45 0.61 10.59 11.47 12.63 12.12 12.36 13.27 12.00 12.06 11.79 0.13 0.14 10.59 0.13 10.50 12.92 14.15 13.89 0.16 8.77 7.92 2.59 2.60 13.08 2.84 9.86 9.02 2.65 2.56 1.85 2.71 2.79 2.52 7.81 3.83 2.05 9.57 3.39 9.82 9.76 9.96 1.88 4.98 2.68 3.59 5.09 1.38 8.35 2.39 2.86 7.74 0.91 3.59 8.74 7.44 10.07 2.90 0.83 8.89 10.13 10.35 4.76 8.10 7.40 3.69 3.00 3.71 3.08 6.28 4.99 9.50 6.68 4.02 3.64 3.17 2.28 4.32 3.36 3.45 11.20 10.41 11.42 11.43
2.31 1.22 1.47 4.21 13.68 13.62 12.40 11.54 12.35 12.58 11.14 11.76 11.18 11.38 0.18 11.06 12.87 11.19 0.14 0.13 0.19 7.78 3.57 6.24 13.32 3.92 0.20 7.44 10.59 8.43 2.89 3.24 4.73 3.76 3.60 3.86 8.89 8.88 8.44 9.47 4.33 3.15 8.79 10.06 2.68 1.74 8.23 3.28 2.46 4.67 6.33 7.55 9.45 8.60 8.83 1.94 10.93 2.28 3.27 3.43 3.25 1.65 3.11 10.23 9.35 3.37 3.87 7.13 3.92 7.92 8.38 0.63 2.79 9.78 9.44 2.27 3.95 9.42 10.19 10.74 11.55 4.13 2.71 0.09
6.66 0.08 2.14 8.69 9.29 0.42 11.54 8.92 2.33 1.28 0.12 10.66 12.77 11.31 9.75 10.65 1.10 0.21 11.11 0.20 11.81 5.72 0.21 2.76 10.18 3.03 11.12 11.30 2.69 8.36 5.48 2.13 10.37 2.13 3.28 8.14 6.61 0.56 7.48 10.66 2.34 9.63 9.81 2.65 4.45 8.05 10.06 3.50 7.19 7.82 6.14 6.59 6.55 8.54 6.38 1.62 7.73 0.99 3.25 9.38 1.48 9.45 8.63 9.70 3.33 3.83 2.89 10.30 10.88 2.22 10.64 9.63 2.56 3.63 3.79 3.11 0.12 3.02 1.62 3.02 2.81 3.14 0.10 0.09
9.61 0.18 0.18 1.58 4.80 3.99 12.73 12.01 13.17 5.53 11.78 12.11 1.00 11.42 11.19 4.96 11.14 11.24 12.66 0.18 12.47 5.78 3.44 7.28 11.56 2.18 12.02 12.19 2.45 9.69 6.39 4.01 11.41 2.96 2.92 1.62 8.28 2.18 9.25 10.01 3.59 0.62 2.96 3.03 9.48 2.02 0.55 3.23 2.31 4.09 7.20 7.12 8.81 8.24 7.33 8.17 9.10 5.97 9.16 8.72 9.89 8.29 3.25 3.22 3.29 4.04 10.81 9.82 10.33 2.40 10.49 9.12 3.30 3.35 2.65 2.59 2.02 3.83 1.30 3.02 2.27 4.82 4.05 0.05
1.78 -9999 -9999 0.31 0.88 13.81 14.01 1.83 12.62 1.25 0.52 0.72 12.75 11.90 13.40 13.52 12.67 11.20 0.81 0.14 10.53 0.18 0.13 0.15 3.26 3.28 7.56 0.52 3.35 9.93 3.16 2.65 10.86 9.53 5.28 2.73 1.44 8.54 3.57 8.60 2.25 3.65 11.25 5.89 4.34 3.28 1.31 7.70 9.08 7.63 8.37 2.73 6.35 3.02 6.82 7.21 8.82 8.45 1.31 8.84 9.97 1.41 10.29 1.64 3.39 1.74 11.20 10.45 10.07 10.21 8.84 9.55 8.93 8.65 9.22 3.73 0.57 4.24 11.23 6.01 2.81 2.85 4.51 4.48
8.25 -9999 2.40 1.18 0.08 13.53 13.31 4.20 0.71 0.21 0.55 0.44 13.71 12.51 10.29 0.13 13.26 12.41 11.49 0.13 12.32 12.41 4.97 11.88 8.16 8.09 14.13 4.30 3.22 0.28 3.87 10.53 11.01 1.93 2.69 2.04 2.92 2.11 2.92 10.11 9.78 10.85 2.73 2.70 3.31 3.61 3.24 3.50 5.31 2.97 6.17 7.20 7.96 6.61 7.09 3.38 6.81 8.42 2.59 9.96 9.90 3.27 2.45 4.33 3.60 0.79 2.03 10.74 2.79 2.56 10.08 9.41 8.77 3.80 10.20 4.37 0.19 2.42 11.07 5.76 5.42 5.83 4.24 3.17
-9999 -9999 -9999 7.93 9.43 0.21 0.22 4.72 7.18 0.20 0.27 0.13 0.11 0.10 13.17 13.21 0.12 0.17 0.14 11.72 12.97 0.09 13.16 13.30 12.67 4.29 12.96 0.48 11.79 0.16 11.31 11.94 3.47 11.35 11.80 2.96 4.87 8.46 8.61 2.49 9.73 9.64 2.90 3.54 2.42 2.70 3.52 3.56 3.57 2.97 10.06 3.21 7.77 0.06 2.49 3.26 9.43 9.78 7.76 10.02 9.97 9.53 6.74 10.60 9.16 9.89 2.48 10.58 2.62 9.22 9.19 3.95 9.73 9.52 11.43 1.16 0.41 2.76 0.13 9.03 4.41 4.91 2.52 3.59
-9999 -9999 -9999 0.15 9.11 0.35 13.22 13.64 3.36 0.13 14.99 13.05 0.08 11.25 11.25 12.98 13.25 0.18 15.07 12.35 12.55 0.14 14.35 13.72 0.96 11.78 0.16 12.09 0.15 13.14 11.75 0.21 2.82 11.59 12.15 2.49 2.93 10.34 10.14 2.65 2.55 2.40 2.17 7.71 2.74 2.90 3.34 3.67 3.15 3.20 2.27 7.42 9.06 8.40 9.62 3.27 8.33 3.10 2.33 9.03 2.22 10.04 2.65 2.63 3.09 9.47 2.60 10.07 4.01 3.59 3.36 10.30 3.16 9.22 5.19 7.22 10.42 10.23 6.23 9.42 7.42 3.26 0.05 4.19
9.21 4.52 0.07 6.47 8.04 13.92 13.32 12.46 0.19 0.09 14.32 0.09 8.12 0.07 0.10 0.38 11.28 1.03 14.65 11.95 12.85 11.11 0.17 12.54 13.17 13.25 0.12 10.95 0.15 12.93 14.62 1.89 0.18 13.83 12.45 10.70 3.82 11.22 0.27 3.11 3.16 1.89 9.64 8.30 8.69 2.53 2.88 3.38 8.49 3.29 3.50 0.93 8.97 3.63 5.00 8.47 8.13 8.07 8.66 6.91 9.11 8.35 2.82 9.98 10.69 10.33 9.49 8.90 9.91 3.24 9.34 8.96 10.48 2.97 7.58 0.22 1.29 2.78 10.03 1.98 3.35 3.87 1.61 3.01
0.15 1.34 0.08 0.08 0.17 11.29 5.43 13.21 15.26 14.21 15.22 0.08 9.76 5.59 14.88 13.52 6.33 1.73 11.87 12.24 12.46 0.15 8.45 12.09 12.63 3.50 14.20 13.82 7.40 0.10 14.03 2.15 12.59 11.61 0.24 11.17 10.49 10.47 12.73 13.23 2.62 10.01 2.49 3.79 2.93 9.05 7.40 3.38 4.50 4.02 5.44 7.94 7.28 2.24 9.77 8.14 4.92 8.46 7.48 2.66 7.01 9.23 9.21 0.78 10.89 9.92 9.34 0.98 7.22 8.37 0.19 3.55 10.43 9.59 4.57 2.53 1.83 9.65 5.92 6.40 6.96 6.58 8.61 2.63
0.12 0.77 0.08 0.34 5.74 6.30 2.35 13.87 13.26 0.08 0.07 0.09 12.47 12.06 12.66 13.75 0.16 1.92 11.67 10.86 10.97 0.12 9.81 0.14 12.98 9.98 14.65 14.36 0.13 1.16 13.91 13.41 0.14 13.66 11.73 11.42 0.20 13.73 13.32 11.54 9.52 11.39 10.56 10.04 10.30 1.94 8.23 0.48 8.61 9.53 10.01 2.98 7.92 6.26 2.49 3.99 3.51 6.60 7.58 3.41 6.97 9.06 3.98 9.32 5.28 4.64 9.00 9.63 8.18 7.80 8.42 10.08 7.07 7.42 2.70 9.60 1.58 9.80 9.15 6.13 6.33 9.54 8.34 9.66
0.62 1.02 0.07 1.08 6.02 14.21 14.13 12.80 12.00 11.28 14.37 13.12 0.09 14.88 14.57 14.81 13.52 5.35 4.55 14.88 15.01 0.36 13.61 15.01 0.11 0.13 12.58 13.09 12.02 12.84 13.80 13.61 13.68 13.35 1.76 4.25 0.12 13.39 12.96 11.57 12.24 8.76 2.36 10.36 9.86 10.90 2.39 9.61 1.78 9.83 3.12 8.09 3.52 3.07 9.10 3.74 8.31 7.72 2.22 9.22 7.65 7.24 6.24 6.07 9.55 9.37 4.04 3.33 5.91 1.04 10.47 10.30 7.12 1.27 9.35 0.14 1.05 9.49 9.09 2.37 7.74 9.33 8.41 10.16
0.26 1.78 4.57 1.32 2.83 14.06 14.89 15.52 12.92 12.51 13.54 14.60 0.06 13.98 13.01 0.11 13.53 12.79 5.33 13.84 14.53 8.72 9.47 14.47 0.24 13.45 12.84 3.08 0.84 11.93 11.64 12.80 11.62 0.16 1.16 13.84 13.06 0.18 2.31 2.67 13.01 11.47 11.86 11.99 3.38 10.43 9.78 10.49 9.83 9.96 10.67 1.77 3.52 2.85 3.03 8.58 6.90 2.22 4.48 7.79 8.29 2.91 7.12 3.07 10.05 2.40 9.06 3.83 8.36 2.55 10.04 10.06 8.88 1.30 8.60 7.45 3.81 8.90 8.59 9.06 8.14 7.43 3.13 8.27
0.06 0.10 0.07 1.67 0.30 15.77 15.85 15.31 15.26 13.57 0.10 14.97 12.52 13.89 0.15 12.74 12.25 3.70 3.16 13.61 13.08 11.27 2.21 7.43 11.70 4.56 7.11 3.89 13.54 13.39 0.15 0.13 13.63 9.78 3.65 12.42 0.17 13.33 12.11 2.93 1.84 4.79 11.63 4.57 12.85 12.14 1.74 10.37 1.66 9.37 10.05 9.56 3.20 2.95 2.85 3.22 1.78 8.17 9.39 3.00 2.69 6.86 8.87 8.93 2.67 8.59 7.74 3.85 9.49 3.99 10.95 7.32 8.72 8.85 8.55 4.80 8.55 9.35 9.88 8.63 2.94 7.40 10.20 10.42
0.04 0.06 0.06 1.87 1.03 -9999 -9999 -9999 -9999 13.78 0.13 0.15 12.66 13.69 12.15 11.43 13.68 14.80 13.56 13.70 4.75 10.53 15.29 6.98 12.10 10.37 12.44 12.28 9.00 11.50 12.43 4.44 1.86 0.59 12.99 13.05 0.27 3.16 9.61 10.53 10.42 12.61 12.75 3.18 11.67 3.16 0.96 10.97 11.60 2.30 2.17 1.47 10.36 3.15 2.89 2.62 3.12 2.86 2.23 7.21 3.11 3.15 3.96 10.95 1.32 8.09 8.53 8.19 8.49 8.40 3.49 7.29 8.80 5.91 8.88 8.11 10.69 8.74 8.10 8.80 9.55 2.88 6.52 10.65
0.05 0.05 0.06 1.96 2.16 0.53 1.06 -9999 -9999 0.07 0.08 0.10 0.09 4.89 13.68 12.67 12.14 3.07 4.29 12.11 4.21 13.86 15.98 14.46 1.37 3.11 13.01 12.72 11.07 13.77 11.17 10.53 2.00 6.89 13.29 2.72 12.09 10.52 12.93 0.20 2.86 12.30 13.20 3.05 11.19 11.83 0.15 12.39 11.37 1.86 10.96 10.55 1.98 2.32 2.96 5.54 2.45 2.23 9.22 7.82 7.08 3.10 2.73 8.36 3.46 7.89 7.12 9.27 7.70 7.99 3.21 7.21 8.03 2.68 9.35 8.11 9.71 9.36 8.44 9.28 8.80 8.74 9.02 9.72
0.05 0.04 1.78 2.16 -9999 -9999 -9999 -9999 -9999 0.09 0.09 0.07 0.07 0.07 10.60 10.48 9.87 0.82 0.61 14.37 13.97 13.95 3.69 13.66 14.73 14.89 14.14 12.53 14.72 14.77 3.44 3.17 11.80 11.56 2.91 2.61 11.73 1.88 8.27 1.73 12.56 12.75 12.70 11.77 2.43 0.15 0.13 12.97 0.18 11.75 2.04 4.04 3.23 3.49 3.64 5.90 2.70 9.74 8.11 3.00 9.75 7.78 3.15 10.30 3.22 3.71 8.04 9.91 3.16 8.30 3.46 8.26 2.47 7.94 8.22 2.38 10.37 7.47 2.53 8.83 9.83 10.22 3.34 3.48
0.05 0.06 1.75 0.18 -9999 -9999 -9999 -9999 -9999 0.07 0.07 0.07 0.07 0.09 0.06 0.05 0.07 0.05 0.06 12.48 0.85 3.96 12.52 14.50 15.10 14.50 13.10 12.11 13.63 14.54 14.03 13.86 2.87 3.57 12.00 9.71 2.86 12.10 10.70 12.78 13.76 0.14 0.12 14.32 0.15 14.00 13.11 12.80 12.59 0.18 12.05 2.35 3.22 9.67 2.64 3.51 6.86 5.34 3.30 5.68 0.92 8.74 11.45 9.56 9.34 9.13 3.65 2.63 9.13 9.23 2.71 1.21 9.90 9.53 1.97 7.76 8.74 8.14 9.26 7.54 3.59 2.75 9.07 8.03
0.05 0.06 1.84 0.06 0.09 0.08 1.27 0.09 0.07 0.10 0.06 0.07 0.07 0.05 0.06 0.06 0.06 0.06 0.06 0.08 0.06 0.07 0.07 0.08 0.12 0.12 0.08 0.10 0.24 0.13 0.20 14.27 8.48 11.99 12.61 11.75 3.68 9.26 2.63 10.55 3.26 1.38 0.11 14.67 13.56 14.17 0.13 13.49 12.80 10.63 12.67 0.15 0.18 9.95 1.68 10.94 10.68 10.97 8.03 2.45 4.96 5.77 0.90 1.77 2.20 10.81 9.95 3.66 9.99 7.74 8.73 3.40 9.80 3.46 8.28 8.15 7.68 8.70 7.64 7.93 7.36 2.73 3.90 2.89
0.04 0.05 1.71 0.98 1.55 1.81 1.66 0.08 0.07 0.07 0.07 0.06 0.06 0.06 0.05 0.06 0.05 0.05 0.06 0.06 0.05 0.05 0.05 0.07 0.06 0.07 0.07 0.07 0.14 0.08 0.06 0.10 0.33 12.09 12.20 4.65 3.99 3.66 8.80 13.07 3.27 12.55 12.82 13.73 4.89 13.21 1.37 2.68 0.16 12.67 0.17 0.18 10.63 9.48 9.29 11.58 11.08 2.92 10.93 9.48 9.48 2.07 2.51 1.96 2.47 10.32 10.25 3.11 9.44 8.34 1.86 8.52 8.18 10.58 10.40 8.67 3.46 7.68 2.29 8.09 3.63 7.88 7.34 7.62
0.04 0.05 0.09 0.11 0.31 1.03 0.25 0.08 0.07 0.07 0.06 0.06 0.07 0.06 0.07 0.05 0.05 0.06 0.06 0.07 0.05 0.06 0.08 0.06 0.06 0.05 0.05 0.05 0.06 0.05 0.06 0.06 0.08 0.12 0.12 0.09 0.17 3.61 13.47 12.38 10.63 10.76 11.65 0.18 1.51 11.84 11.49 13.75 13.22 12.68 11.56 0.15 0.13 2.68 3.57 11.27 2.54 0.24 0.75 10.45 11.59 3.78 10.95 1.80 1.95 10.82 9.88 7.98 9.51 9.48 7.06 8.74 2.73 7.42 8.38 3.41 5.43 6.64 6.22 2.87 2.92 3.42 3.37 3.72
0.04 0.06 0.06 0.07 0.06 0.13 0.08 0.07 0.06 0.06 0.05 0.06 0.06 0.07 0.05 0.05 0.06 0.05 0.05 0.06 0.07 0.06 0.07 0.06 0.05 0.05 0.05 0.05 0.06 0.07 0.05 0.06 0.05 0.07 0.16 0.10 0.09 0.10 10.35 11.08 11.88 11.79 2.96 3.55 14.04 12.06 11.52 0.82 0.87 13.29 11.04 0.17 0.12 4.67 12.84 1.57 11.66 10.73 10.68 7.72 11.68 0.31 11.92 2.31 3.10 9.68 3.39 10.12 8.49 9.95 9.29 9.76 7.62 7.04 6.98 4.93 7.19 8.01 2.93 8.28 3.18 9.23 9.68 3.88
0.07 0.06 0.06 0.07 0.09 0.09 0.07 0.07 0.06 0.06 0.06 0.06 0.05 0.06 0.05 0.07 0.06 0.06 0.05 0.04 0.05 0.05 0.06 0.07 0.06 0.06 0.04 0.04 0.06 0.06 0.06 0.07 0.06 0.06 0.06 0.07 0.08 0.06 0.06 0.10 0.10 0.08 0.13 0.19 12.22 3.46 12.66 11.13 0.12 13.29 13.11 13.27 11.13 11.42 12.94 3.21 1.24 10.86 10.81 11.88 0.53 0.38 11.81 11.68 1.52 9.39 2.88 2.91 8.19 2.71 9.67 2.58 8.34 3.89 7.82 9.04 6.50 6.67 3.57 8.21 8.68 9.55 11.15 11.45
0.06 0.08 0.05 0.07 0.09 0.09 0.07 0.07 0.07 0.07 0.06 0.07 0.06 0.06 0.06 0.05 0.05 0.06 0.06 0.06 0.07 0.07 0.06 0.06 0.05 0.06 0.06 0.05 0.05 0.05 0.06 0.06 0.07 0.06 0.06 0.06 0.05 0.06 0.07 0.07 0.06 0.07 0.09 0.07 0.09 0.10 1.20 3.42 2.44 4.62 0.10 0.19 5.17 12.75 0.86 11.84 10.94 10.87 2.72 11.53 12.04 2.73 7.64 0.39 4.61 1.69 9.19 2.48 9.23 9.92 5.73 9.77 7.05 8.36 8.45 7.54 7.06 7.33 9.02 8.61 4.77 3.43 3.24 12.78
0.08 0.07 0.08 0.07 0.08 0.13 0.07 0.07 0.07 0.08 0.07 0.06 0.06 0.05 0.06 0.05 0.05 0.05 0.05 0.06 0.06 0.07 0.07 0.08 0.06 0.06 0.06 0.08 0.05 0.07 0.05 0.07 0.06 0.07 0.06 0.06 0.05 0.07 0.06 0.08 0.08 0.06 0.05 0.07 0.07 0.08 0.09 0.10 14.23 14.52 3.24 12.36 12.59 12.78 12.54 0.13 6.59 2.42 10.91 12.13 12.47 0.23 4.61 8.02 10.67 12.44 11.92 2.41 10.34 10.40 6.61 0.93 8.23 8.23 9.27 7.89 7.47 8.49 6.03 3.85 3.48 11.16 11.45 4.33
0.09 0.08 0.09 0.08 0.09 0.09 0.08 0.10 0.08 0.07 0.05 0.07 0.06 0.06 0.05 0.05 0.06 0.05 0.04 0.05 0.05 0.06 0.05 0.05 0.06 0.07 0.06 0.04 0.05 0.06 0.06 0.07 0.05 0.06 0.06 0.06 0.06 0.06 0.07 0.06 0.06 0.06 0.09 0.06 0.06 0.06 0.06 0.11 0.07 0.23 4.09 1.30 0.17 4.59 7.51 10.32 6.10 1.56 12.47 12.76 0.18 0.21 13.42 14.42 14.36 11.00 1.31 11.98 3.12 12.13 10.16 10.55 10.67 10.15 8.59 9.08 5.14 9.29 7.99 9.80 4.98 2.80 3.07 3.83
0.09 0.11 0.08 0.09 0.14 0.08 0.08 0.08 0.10 0.09 0.07 0.06 0.06 0.09 0.06 0.05 0.05 0.05 0.05 0.06 0.05 0.05 0.06 0.06 0.06 0.06 0.06 0.06 0.05 0.05 0.06 0.06 0.07 0.06 0.07 0.05 0.05 0.05 0.07 0.05 0.06 0.07 0.06 0.06 0.04 0.06 0.07 0.06 0.07 0.06 12.19 12.42 12.28 0.13 2.17 10.23 9.34 10.50 7.89 0.18 12.68 12.24 2.98 13.69 0.20 0.23 0.22 13.26 3.63 11.93 1.29 10.35 10.59 2.40 8.93 9.56 9.55 9.82 2.51 9.06 6.21 3.01 3.46 0.55
0.09 0.09 0.08 0.08 0.08 0.10 0.08 0.09 0.10 0.09 0.08 0.07 0.07 0.08 0.07 0.07 0.06 0.07 0.07 0.06 0.06 0.06 0.07 0.06 0.06 0.05 0.05 0.06 0.05 0.04 0.05 0.06 0.05 0.05 0.05 0.05 0.07 0.05 0.08 0.05 0.07 0.06 0.05 0.06 0.05 0.05 0.06 0.04 0.09 0.08 0.13 12.03 12.44 3.41 3.07 3.06 0.16 10.33 0.20 1.16 12.37 13.50 13.44 2.43 2.39 12.59 12.45 13.78 13.31 13.64 11.98 0.33 9.51 9.06 10.23 9.79 9.46 9.20 4.08 6.62 6.36 9.02 3.84 8.88
0.10 0.11 0.09 0.10 0.10 0.08 0.08 0.06 0.09 0.08 0.06 0.05 0.09 0.06 0.07 0.06 0.10 0.07 0.06 0.07 0.06 0.08 0.07 0.07 0.08 0.07 0.09 0.07 0.05 0.06 0.06 0.06 0.07 0.07 0.05 0.05 0.06 0.06 0.07 0.07 0.06 0.06 0.06 0.06 0.07 0.04 0.06 0.05 0.09 0.08 0.09 0.11 0.16 14.45 12.64 10.33 9.88 13.42 3.13 7.44 13.47 13.96 11.76 12.35 12.63 0.26 14.06 14.17 13.36 12.72 3.77 1.32 10.60 10.50 13.34 10.17 12.67 3.51 7.61 3.53 3.17 9.30 9.48 10.52
0.10 0.09 0.48 0.21 0.10 0.09 0.09 0.09 0.09 0.08 0.09 0.06 0.06 0.06 0.06 0.06 0.06 0.07 0.09 0.09 0.09 0.08 0.09 0.07 0.07 0.04 0.06 0.07 0.06 0.06 0.05 0.08 0.06 0.05 0.06 0.06 0.07 0.06 0.07 0.05 0.04 0.06 0.08 0.08 0.07 0.06 0.06 0.05 0.06 0.08 0.07 0.04 0.06 13.25 4.17 10.87 10.83 13.76 2.56 0.13 3.01 13.44 10.43 12.34 12.60 12.57 0.17 12.98 12.98 13.03 12.02 9.95 11.58 4.42 14.45 14.45 11.42 4.55 4.41 6.10 3.00 8.92 9.27 9.79
2.10 2.13 1.26 0.15 0.12 0.13 0.12 0.13 0.13 0.12 0.11 0.09 0.07 0.08 0.08 0.06 0.08 0.07 0.08 0.08 0.11 0.07 0.09 0.11 0.07 0.07 0.06 0.06 0.06 0.06 0.07 0.07 0.07 0.06 0.06 0.06 0.07 0.04 0.07 0.06 0.06 0.06 0.05 0.06 0.06 0.05 0.04 0.06 0.07 0.07 0.06 0.06 0.08 0.07 0.08 0.09 4.05 13.06 13.24 11.55 14.22 12.04 12.71 1.36 0.16 12.51 12.70 0.16 12.59 0.22 0.18 9.77 7.08 2.74 0.20 1.58 0.19 0.20 0.19 5.11 4.22 10.09 10.73 10.00
