data/asc/PuenteDuero/reserva/348_4600_2017_alt95.asc
ncols 200 
nrows 200 
xllcenter 348005.000 
yllcenter 4598005.000 
cellsize 10.000 
nodata_value -9999 
[rows 37 to 73 of 200, columns 84 to 167 of 200]
3.85 3.99 3.14 3.19 3.57 5.19 5.02 2.90 3.72 3.67 3.27 2.64 3.47 2.41 2.95 3.69 2.72 2.66 3.30 3.04 2.19 3.40 2.57 2.99 2.54 2.86 3.03 3.33 2.98 2.61 2.44 3.10 2.74 3.15 1.24 0.67 2.86 3.60 3.28 3.27 4.40 3.38 2.69 2.93 3.06 0.08 4.54 3.77 2.44 2.65 3.11 0.07 3.12 1.41 0.32 0.04 4.15 0.73 0.05 0.05 0.06 4.96 5.08 5.05 0.11 0.05 3.84 3.10 4.06 4.46 0.07 6.07 5.42 0.07 4.61 3.81 3.11 2.61 4.19 4.30 3.60 4.80 4.25 3.37
4.68 4.47 4.22 3.68 4.22 3.53 3.79 3.80 3.02 4.16 2.94 2.94 3.17 3.53 3.41 3.53 2.91 3.03 2.95 3.01 2.42 2.84 3.01 3.08 3.06 3.32 3.00 2.89 2.80 3.09 3.01 3.69 3.04 2.59 2.08 0.24 2.81 3.27 2.44 9.89 8.46 0.54 3.39 2.62 4.50 3.29 4.26 3.21 3.16 2.95 2.57 0.09 2.64 3.91 4.05 0.06 0.00 2.41 4.38 2.69 0.08 0.06 0.07 1.93 4.85 4.20 4.27 3.39 4.42 4.07 0.06 4.76 4.18 4.75 4.73 3.50 3.04 3.09 2.12 0.08 1.67 2.10 3.24 3.37
8.90 3.07 8.01 7.53 3.63 3.49 3.08 3.57 8.68 2.54 2.53 4.26 3.57 3.79 3.98 3.92 2.68 2.73 2.80 3.14 3.00 2.85 2.84 2.51 2.63 2.90 3.20 2.97 3.05 3.22 2.51 2.62 2.37 2.89 0.83 4.49 2.85 0.05 2.96 6.67 4.74 3.00 3.64 3.09 2.47 3.87 4.58 2.70 3.61 3.26 2.50 2.84 2.24 0.12 4.98 2.09 3.02 0.09 3.10 4.17 4.12 2.76 2.48 2.72 4.68 4.18 3.92 3.49 4.50 4.50 4.55 1.90 2.87 4.20 4.91 3.34 3.32 4.74 6.28 3.92 3.75 4.22 2.40 3.95
8.30 0.26 4.63 2.93 2.67 3.19 5.91 2.78 2.64 3.30 2.81 2.94 3.11 2.68 3.30 3.72 2.61 3.18 2.56 2.41 3.37 2.99 3.09 3.32 4.12 2.22 3.17 2.76 1.85 1.27 2.48 2.88 4.69 1.22 1.17 1.98 3.21 3.71 2.82 2.96 4.40 4.18 3.83 3.44 2.54 2.99 3.91 3.38 2.55 3.54 3.72 0.10 3.00 0.04 2.28 4.34 3.31 2.47 3.32 5.00 5.13 4.04 3.70 2.92 3.11 4.22 2.80 4.11 3.89 3.56 3.94 4.28 3.23 3.52 5.00 3.19 1.82 2.68 2.92 2.89 4.20 3.52 0.10 0.11
0.24 0.26 3.34 4.18 3.55 2.27 2.88 2.86 2.83 3.23 3.25 2.32 3.69 3.03 3.73 0.50 2.91 1.55 2.83 3.90 2.91 2.90 3.29 3.58 3.26 1.14 2.50 2.55 0.07 2.42 4.07 1.39 3.94 0.05 4.04 5.30 0.06 3.85 4.11 3.28 3.64 3.10 2.85 2.71 3.17 3.39 3.80 3.37 2.99 3.36 2.31 2.99 2.91 2.35 5.02 4.20 2.74 2.94 2.63 3.44 4.40 3.96 4.40 2.86 2.91 3.32 2.48 3.84 3.76 3.17 3.51 3.71 2.71 2.69 5.24 4.76 3.14 2.94 3.34 2.70 1.95 3.72 4.88 4.77
0.17 2.93 5.29 2.65 3.01 2.65 3.20 2.82 2.33 2.79 4.48 9.62 3.41 3.76 1.49 3.69 3.97 3.44 3.78 2.64 2.73 2.81 2.62 3.25 3.31 4.39 3.32 1.24 4.54 2.11 3.19 2.80 0.05 4.56 0.10 0.06 3.38 3.34 3.21 2.91 3.04 2.70 2.20 3.13 3.37 3.54 4.12 3.33 2.87 3.78 4.18 3.18 1.60 2.79 5.56 0.14 4.87 2.54 2.75 3.41 4.61 4.22 4.36 0.09 2.99 4.10 3.06 3.39 3.05 2.45 3.26 3.56 2.45 2.75 3.87 3.27 1.59 2.94 3.57 3.48 4.07 3.80 3.21 2.93
0.34 0.15 0.26 0.67 1.23 3.60 3.44 2.60 8.14 1.84 3.89 9.80 2.83 3.38 2.73 2.99 3.80 3.48 3.50 2.28 2.40 2.81 3.01 3.13 2.69 3.43 2.57 0.96 2.95 3.05 1.86 2.40 3.79 0.52 3.32 3.62 1.20 2.77 3.38 2.11 1.74 1.53 8.87 8.23 3.25 1.78 4.93 0.08 0.07 3.44 3.72 3.40 0.07 2.89 0.08 0.09 4.34 3.04 1.93 3.02 3.80 3.39 0.06 4.37 3.38 3.35 2.50 4.31 2.90 0.25 1.38 2.75 2.24 2.13 4.93 3.45 4.50 3.37 3.31 3.11 3.20 3.27 2.85 2.71
0.17 0.15 13.45 11.40 1.26 0.63 1.01 9.27 2.80 3.23 2.14 4.06 4.50 2.23 3.88 3.58 3.11 2.18 3.30 2.90 2.49 2.74 1.16 3.42 3.08 2.87 0.61 3.81 3.06 2.88 2.74 1.96 4.02 4.49 0.09 3.89 0.85 3.02 2.60 2.55 2.53 2.37 5.25 3.91 3.97 0.12 4.70 3.35 4.67 3.47 3.87 4.08 1.79 2.46 3.16 2.75 3.98 3.47 0.45 3.38 3.69 3.92 0.07 3.50 3.29 2.99 3.54 3.47 3.86 4.15 3.72 2.59 3.26 4.39 2.65 2.53 3.26 2.51 3.10 2.95 2.77 2.59 3.24 3.04
0.13 4.22 14.05 12.56 0.40 0.80 0.73 8.81 3.07 8.04 7.23 3.80 4.26 2.59 3.57 3.65 3.27 3.00 3.29 2.77 2.93 3.17 3.03 1.47 3.30 3.09 1.50 2.42 2.90 2.75 2.89 2.58 3.96 4.11 0.87 3.93 2.85 3.76 3.20 0.83 3.29 2.94 2.89 2.69 0.11 3.02 3.69 3.22 3.04 0.48 4.61 0.06 2.18 3.56 4.88 2.71 2.82 3.36 3.31 2.52 3.09 3.33 5.11 3.71 5.00 3.02 3.82 3.21 4.92 3.24 3.64 3.74 3.55 3.25 3.35 2.70 2.42 2.34 2.53 2.65 2.61 1.46 2.98 3.28
16.03 1.09 0.93 3.91 0.32 0.61 0.58 1.24 10.08 9.00 8.77 3.42 4.37 3.03 8.14 2.73 2.18 3.06 2.72 3.60 3.32 2.93 3.43 2.30 2.75 3.15 1.79 2.32 2.89 2.84 3.28 2.60 0.08 0.09 0.07 2.65 3.37 3.30 0.07 3.10 2.90 3.72 3.28 3.28 2.69 3.99 3.70 4.70 3.37 2.81 0.73 0.06 1.42 3.45 3.62 3.20 2.77 3.22 2.53 2.57 2.82 2.70 2.49 3.89 4.44 2.15 3.21 4.24 4.93 2.72 3.19 3.15 2.97 4.32 2.58 2.81 2.78 2.41 3.41 3.52 2.88 3.25 3.27 2.76
14.76 13.09 14.76 14.79 0.13 0.33 0.85 0.74 0.84 10.48 9.26 3.01 3.30 6.40 7.80 2.48 2.49 3.06 3.22 1.18 2.96 2.67 3.11 3.20 2.84 0.08 0.92 1.00 1.74 4.19 3.79 2.89 2.97 4.14 0.09 2.21 4.14 3.47 0.11 0.12 0.83 3.10 3.18 2.92 3.59 4.25 4.12 3.67 3.68 2.14 0.09 0.06 4.62 2.94 3.22 3.29 0.20 3.88 0.66 2.68 3.17 3.33 2.74 0.05 5.68 5.63 5.42 5.55 4.77 3.69 3.75 3.05 4.19 4.02 4.17 4.00 3.19 2.71 4.55 4.10 3.77 2.04 2.66 1.84
0.18 13.97 13.44 13.73 14.49 0.09 0.28 0.60 0.65 12.31 11.17 9.73 3.05 6.76 8.45 2.53 2.96 2.47 2.91 3.35 3.25 3.76 3.91 2.71 2.94 3.20 0.07 0.08 2.54 2.61 4.58 0.56 3.17 3.53 4.40 0.10 2.25 2.53 3.09 0.07 3.34 2.98 3.08 2.99 2.90 3.48 3.90 3.17 4.10 1.51 5.00 4.28 3.28 4.54 0.75 2.71 0.09 4.71 3.41 2.77 3.30 3.60 5.22 0.06 1.41 5.64 4.94 5.43 3.29 3.69 4.28 1.28 3.63 2.30 2.95 4.49 1.45 2.25 3.60 2.78 0.12 3.06 3.29 3.54
0.17 6.24 0.11 14.56 15.30 11.76 2.21 0.16 0.67 2.73 4.06 3.38 1.35 4.24 1.69 0.79 3.28 3.41 3.72 3.02 3.63 3.15 2.91 0.09 2.57 2.99 1.27 3.98 2.45 2.64 2.54 2.05 2.95 2.63 2.34 2.74 3.37 3.31 4.14 2.92 2.67 1.63 1.04 3.54 3.16 3.80 3.49 0.07 2.44 1.16 4.49 0.05 5.28 0.13 4.96 0.07 0.09 0.08 4.26 4.32 3.09 3.37 0.26 0.06 0.08 3.88 0.07 6.28 3.69 3.62 3.56 3.59 2.90 0.07 0.09 4.30 1.22 5.58 3.20 3.55 3.73 2.79 3.68 4.12
14.14 14.10 3.62 3.84 11.25 13.33 1.93 2.67 0.11 0.27 0.50 0.78 1.46 7.10 1.72 4.21 3.04 3.05 1.81 2.37 1.41 2.54 0.67 2.85 2.80 3.69 1.11 2.84 2.71 2.59 3.04 0.07 0.08 3.54 2.90 4.00 3.58 3.50 4.66 0.15 2.55 3.80 3.16 2.71 0.23 0.11 3.56 3.31 2.00 2.68 0.14 3.58 3.86 3.74 2.26 4.28 0.07 4.02 3.62 3.17 4.16 3.69 3.98 1.53 4.86 4.83 3.99 6.43 4.85 4.89 2.86 3.14 4.09 2.96 3.56 3.79 3.21 4.04 4.21 0.13 2.58 2.16 3.53 3.42
11.69 11.00 0.09 2.22 3.09 2.58 12.17 13.55 3.24 2.34 0.17 9.22 1.37 4.05 4.66 2.75 2.07 4.98 2.12 1.94 3.94 3.88 3.38 4.20 2.42 3.83 4.31 3.74 2.53 2.56 3.02 1.96 3.62 3.80 3.90 3.69 0.14 4.62 3.96 1.80 2.92 1.82 3.05 2.38 2.39 0.07 3.49 3.28 1.96 0.85 0.84 0.37 3.07 3.98 3.90 4.28 3.22 5.12 5.04 3.69 2.94 2.56 2.90 3.82 4.29 5.24 3.36 0.07 4.63 0.61 0.11 3.85 4.17 4.40 3.97 3.65 3.33 3.90 2.60 4.30 5.50 0.16 3.15 4.51
3.22 3.38 3.71 3.19 6.52 13.50 14.05 3.69 3.09 2.82 0.12 0.14 2.45 3.75 2.99 2.94 1.52 0.53 1.52 1.66 0.76 0.30 3.19 2.99 4.51 1.17 3.79 4.05 3.20 3.34 3.59 2.61 3.13 4.07 3.51 3.42 3.38 0.75 3.64 3.09 3.42 2.70 3.12 2.14 2.68 3.07 3.15 2.33 0.23 2.08 0.20 2.05 2.61 4.20 4.25 0.06 3.50 4.43 4.78 3.44 2.58 2.40 2.38 2.53 0.18 5.28 5.41 0.46 4.32 3.49 4.64 3.65 2.58 2.89 2.47 2.62 3.79 3.20 0.11 3.35 0.12 4.66 0.17 4.42
15.66 14.27 3.68 9.21 3.62 14.09 12.49 13.16 13.53 3.32 0.40 0.38 0.15 1.51 2.52 3.63 0.76 4.15 2.63 2.29 1.30 1.59 4.81 2.15 0.64 4.18 3.45 3.74 4.02 4.27 3.62 3.20 4.00 3.88 3.30 5.12 3.10 0.46 2.83 2.66 2.67 3.04 3.00 3.26 2.91 3.03 4.15 3.14 2.58 2.59 2.57 2.75 0.07 0.09 3.92 4.15 0.08 5.49 2.60 2.47 2.15 2.62 2.81 3.69 3.90 2.86 2.66 3.91 2.95 2.80 4.10 3.04 2.08 2.90 2.90 2.32 2.63 4.90 5.03 0.16 0.11 0.19 0.14 5.18
14.66 3.66 3.64 2.78 3.35 3.03 2.33 10.87 11.92 3.57 1.40 0.57 0.29 0.16 0.14 0.38 0.92 7.18 0.75 0.52 2.72 3.17 2.94 3.34 3.57 0.49 7.17 0.73 3.13 3.95 2.61 3.62 2.73 0.98 4.68 4.38 4.04 1.43 3.22 2.95 2.70 3.24 2.78 3.12 3.44 2.94 3.88 5.09 2.79 3.02 2.65 3.03 2.94 1.94 1.43 3.50 2.43 1.18 2.07 2.58 2.50 3.75 4.15 2.69 4.05 4.33 3.12 3.85 3.87 3.02 3.14 3.18 2.77 2.43 2.54 2.83 3.07 3.96 0.71 0.16 0.10 0.20 0.18 3.72
1.92 2.89 3.24 5.15 4.04 0.46 0.14 5.80 7.62 10.08 10.84 0.66 9.83 9.53 9.26 0.15 0.11 7.66 8.45 0.66 0.28 0.32 3.40 0.81 4.60 1.14 2.65 1.53 0.99 3.77 3.82 2.96 1.00 2.53 4.86 4.08 3.91 3.51 3.95 3.81 2.95 2.82 2.67 3.11 3.57 2.36 3.33 0.06 0.74 3.06 2.57 2.89 3.29 2.26 2.50 2.71 2.26 4.23 3.33 2.79 4.60 4.96 3.68 2.72 0.08 3.55 4.10 3.21 4.00 3.69 3.42 3.89 2.30 2.82 2.73 1.77 2.89 3.24 4.45 5.11 4.82 4.25 5.84 0.10
1.59 3.52 3.16 2.64 3.81 1.46 11.62 9.99 3.65 0.29 9.23 0.20 6.78 7.62 0.32 8.52 9.54 0.09 0.16 1.48 6.54 1.66 7.75 0.30 7.32 4.81 1.33 2.93 3.02 2.95 3.05 2.74 1.65 1.54 1.69 1.73 1.68 0.21 4.07 1.41 0.18 3.23 2.70 2.74 3.22 1.55 0.91 0.07 0.06 3.22 4.09 3.73 3.45 3.56 2.53 1.49 2.68 4.49 3.33 5.19 3.49 3.74 3.57 2.50 3.83 3.86 4.91 0.14 2.52 3.71 4.51 2.50 3.05 2.41 3.38 2.59 0.09 2.46 3.64 6.01 0.14 4.45 6.08 3.31
9.92 11.36 1.61 9.57 3.63 1.53 11.79 10.68 9.40 8.66 0.13 0.17 0.15 0.23 9.82 0.35 0.25 6.40 0.22 0.19 0.09 0.23 7.63 5.66 0.41 5.91 6.17 3.35 4.00 0.18 0.33 2.10 1.49 4.83 0.14 4.51 4.17 4.11 1.41 0.16 9.39 9.46 4.74 3.04 0.07 4.81 4.86 0.08 0.06 0.13 3.37 1.37 2.07 3.10 1.54 2.38 0.07 2.13 4.66 4.37 3.04 3.06 3.38 3.66 4.02 4.64 3.51 3.90 3.15 3.75 5.58 4.57 3.34 2.64 4.16 3.93 3.69 4.30 5.32 5.82 4.83 5.59 4.53 2.58
11.94 10.47 11.28 3.49 3.20 3.03 3.38 3.07 4.14 0.10 0.12 0.12 0.13 0.11 9.35 0.40 0.78 4.38 0.18 0.16 0.14 0.10 0.08 0.21 6.31 0.61 0.31 3.36 3.77 4.67 4.48 4.11 4.32 5.65 0.14 0.19 3.52 3.85 1.33 3.32 9.44 9.75 0.07 2.35 1.33 4.78 5.98 5.15 2.04 1.21 0.11 3.81 2.64 3.25 2.68 4.01 3.21 3.32 2.36 0.08 2.84 2.73 3.66 4.15 3.61 3.52 5.33 3.88 2.59 6.79 6.69 2.94 3.34 4.62 5.34 5.47 6.10 5.83 5.67 1.02 6.54 4.57 4.22 3.45
1.49 11.30 3.15 3.12 4.02 2.58 2.54 2.48 7.11 0.15 0.12 12.46 0.15 0.17 0.15 0.16 0.15 0.14 0.11 0.20 6.90 13.35 13.42 0.12 0.15 1.11 0.62 0.16 4.10 4.15 4.74 4.25 0.14 0.14 1.12 4.49 3.90 4.19 4.69 3.84 3.13 1.78 2.90 3.43 3.95 4.38 3.90 5.34 3.43 3.79 4.76 0.07 0.07 3.25 2.42 2.66 2.73 4.28 3.25 4.35 2.97 4.27 5.75 4.75 3.87 4.82 4.93 4.99 5.46 7.10 6.40 3.38 2.83 0.33 6.12 6.93 6.51 6.09 4.12 6.14 5.44 3.45 2.66 3.43
3.26 12.24 3.08 2.70 3.16 13.11 14.22 12.16 9.76 10.39 0.13 13.00 13.05 0.13 0.15 0.19 0.16 0.14 0.14 0.14 0.16 11.61 11.08 0.18 0.17 0.11 0.07 0.08 0.14 2.29 4.31 3.57 2.25 3.83 4.67 4.24 4.62 5.36 3.74 3.84 2.82 2.40 1.77 3.10 2.65 3.21 2.50 2.76 2.86 3.40 3.71 2.41 4.41 2.84 2.72 2.82 2.48 2.94 3.97 3.60 3.24 3.77 4.81 4.77 4.05 5.63 0.18 0.14 0.14 0.12 0.10 1.50 0.10 0.10 0.11 0.10 0.12 0.10 5.81 5.77 5.30 4.77 4.99 4.50
3.09 2.72 3.86 3.02 3.04 3.23 13.62 3.28 0.30 3.19 0.22 0.16 1.56 0.56 0.10 0.14 0.14 0.14 0.14 1.39 0.16 1.51 0.16 0.12 0.19 0.12 0.26 0.09 0.07 0.21 4.93 4.42 3.86 5.06 5.33 2.70 3.54 3.11 3.07 3.11 2.71 3.34 3.38 0.05 2.91 2.23 3.05 2.96 3.32 2.97 0.39 1.75 1.53 2.72 3.42 2.80 3.45 2.72 3.17 4.83 5.16 4.99 5.59 0.34 4.95 5.55 0.09 0.11 0.10 0.08 0.07 0.09 0.07 0.08 0.08 1.37 0.08 0.33 5.98 5.21 5.69 5.64 4.82 4.48
3.23 1.53 2.75 2.51 2.68 2.86 2.90 12.83 9.45 11.32 0.23 0.19 0.23 0.18 0.12 0.17 0.13 0.17 0.21 1.80 1.85 0.14 0.13 0.14 0.20 0.18 0.11 0.07 0.16 0.09 3.08 4.73 2.18 2.41 5.50 5.04 0.26 2.79 2.61 4.10 4.30 2.83 3.59 3.44 4.34 4.32 3.66 3.34 3.21 4.66 4.11 6.32 4.00 4.22 5.91 5.21 6.74 2.73 2.16 0.35 1.57 0.32 0.25 0.15 0.10 0.07 0.08 0.09 0.09 0.11 0.11 0.13 0.12 0.13 0.08 0.07 0.14 0.07 0.07 0.13 0.17 4.75 5.75 5.58
12.11 3.24 3.55 3.14 1.46 11.50 10.04 12.03 11.72 2.28 3.57 10.17 0.26 0.22 0.20 0.24 0.16 0.18 0.15 0.14 0.14 0.15 0.15 0.15 0.18 0.13 0.14 0.10 0.12 0.17 0.09 0.12 0.10 0.10 0.14 0.13 0.14 3.26 6.10 4.81 2.64 2.98 1.92 4.04 4.62 4.22 4.58 4.04 5.22 5.90 5.32 2.90 5.94 3.33 0.34 6.67 7.86 5.53 4.08 0.36 5.81 3.39 0.08 0.07 0.07 0.16 0.20 0.22 0.28 6.64 0.43 3.45 0.27 4.11 0.23 0.15 4.01 0.11 0.08 0.10 0.06 0.12 0.18 4.33
4.10 0.18 3.58 4.19 3.85 8.24 0.39 9.51 0.87 0.21 10.51 11.16 0.21 0.18 0.22 0.20 0.20 0.17 0.14 0.18 0.35 0.23 0.17 0.19 0.13 0.19 0.19 0.17 0.09 2.10 0.14 0.16 0.08 5.48 0.08 0.07 0.08 0.12 1.45 5.55 0.32 3.78 1.73 1.77 1.61 1.97 4.93 4.71 0.85 1.04 0.60 0.55 0.23 0.16 0.21 0.19 0.19 0.15 2.11 0.09 0.07 0.07 0.09 0.13 0.21 0.23 0.27 0.47 0.41 0.33 0.27 0.52 3.44 0.31 0.40 6.89 2.44 0.22 0.27 0.25 0.09 0.14 0.24 0.23
3.26 3.02 3.21 3.84 3.50 0.39 0.49 9.03 0.14 9.89 9.52 10.21 0.27 0.22 0.19 0.21 0.31 0.19 0.22 0.20 0.17 0.20 0.08 4.19 0.20 0.19 0.20 0.20 0.32 0.22 0.26 1.62 0.16 2.73 0.12 1.16 0.17 0.20 0.17 0.15 0.14 0.12 0.34 0.32 4.05 0.28 0.27 2.84 2.71 0.19 0.17 5.23 0.19 0.11 0.09 0.08 0.11 0.11 0.10 0.15 0.18 0.17 0.19 5.63 7.37 1.86 0.52 0.70 0.29 0.57 0.74 0.27 0.31 2.17 6.32 0.37 0.51 0.26 0.66 0.62 0.08 0.14 1.04 0.35
0.26 1.21 1.82 4.06 3.88 12.83 10.18 0.09 0.12 9.77 8.40 0.10 0.16 6.59 2.32 0.24 0.25 0.25 0.24 0.22 0.24 0.23 0.12 0.21 0.19 0.24 0.18 0.20 0.19 0.24 0.51 0.86 0.73 0.16 0.10 0.09 0.12 8.20 2.82 7.42 6.12 0.20 0.08 0.09 2.18 0.09 0.08 0.09 0.12 0.08 0.08 0.07 0.06 0.07 0.10 0.11 0.10 0.11 0.12 0.19 0.20 0.34 0.46 6.27 0.36 0.38 0.40 2.86 3.68 2.70 1.81 0.28 0.87 0.21 5.43 0.19 0.26 0.20 5.13 5.50 0.20 0.12 7.15 6.17
1.71 1.37 0.93 0.14 11.49 12.14 8.25 0.08 0.08 2.90 9.00 2.22 0.11 0.10 0.12 0.17 0.15 2.43 0.26 0.23 0.28 0.29 0.26 0.22 0.14 0.20 0.18 0.17 0.24 0.19 0.43 0.74 0.21 0.09 0.10 0.13 0.23 6.85 0.28 0.29 0.28 0.99 0.23 0.12 0.11 0.10 0.09 0.09 0.10 4.87 0.12 5.68 0.13 0.07 7.10 0.09 0.11 0.09 0.10 0.77 0.66 5.55 6.30 6.38 0.25 0.33 0.25 0.18 2.24 8.43 0.08 0.12 0.46 0.10 0.16 0.13 1.65 0.27 0.86 0.32 4.22 0.53 6.51 0.15
10.25 9.73 13.47 0.89 13.40 10.34 9.98 1.57 0.10 9.59 0.96 0.07 0.05 0.07 0.12 1.62 1.85 2.81 1.76 0.16 2.64 0.19 0.30 0.24 0.24 0.25 7.51 0.30 0.34 0.23 0.23 0.28 0.31 0.11 2.84 0.20 0.17 0.97 0.14 0.31 4.04 0.15 0.11 0.10 0.13 0.09 2.74 1.01 0.09 0.12 0.11 0.99 0.10 0.87 0.21 5.47 9.73 5.38 0.18 1.36 0.27 0.23 0.26 0.42 0.20 0.21 0.18 0.13 2.61 9.43 8.41 1.97 2.35 2.13 0.10 0.09 0.16 0.08 0.22 2.17 0.57 3.40 5.82 0.63
10.90 0.23 13.79 1.40 0.29 0.28 8.77 8.72 0.06 0.06 0.07 0.09 0.07 0.06 2.26 2.83 2.18 2.62 1.34 0.07 9.10 0.10 0.17 0.17 2.19 0.23 0.23 0.23 0.15 0.22 0.14 0.23 0.17 0.16 0.17 0.15 0.18 1.26 0.25 0.10 0.18 0.12 0.15 0.19 4.94 4.77 5.12 0.15 0.19 0.17 0.16 0.13 0.10 0.14 0.08 0.18 0.11 0.22 3.83 0.17 0.17 0.33 0.61 0.27 0.19 0.22 0.17 0.25 0.12 0.25 2.18 2.58 2.75 2.87 2.34 0.13 0.11 0.38 0.15 0.16 0.17 0.41 0.22 5.34
11.51 2.70 2.46 6.79 2.04 10.40 10.42 2.09 2.28 0.06 0.08 0.11 0.07 0.09 0.96 2.59 2.47 0.08 2.32 0.08 1.40 0.08 0.06 0.07 9.88 10.29 0.19 0.20 0.22 0.17 0.21 0.31 0.15 0.18 0.12 0.16 0.14 0.11 0.11 0.14 0.11 0.12 0.11 0.11 0.09 2.71 3.37 0.22 0.16 0.19 0.17 0.13 0.11 0.12 0.13 0.25 0.26 0.16 5.60 0.16 0.30 0.30 0.55 0.39 0.36 0.21 5.71 0.14 0.12 0.12 1.65 2.43 3.12 2.08 2.42 0.32 0.06 0.11 0.08 8.78 9.88 0.11 0.14 0.20
11.77 0.78 2.09 0.09 0.27 0.56 0.06 0.08 10.22 0.75 0.14 0.08 0.07 0.08 0.09 0.09 0.10 0.07 0.07 0.06 0.06 0.06 0.08 2.90 0.07 0.07 0.08 0.09 0.12 0.12 0.32 2.13 0.18 0.18 0.14 0.13 0.16 0.13 0.15 2.27 0.12 0.15 0.99 0.14 0.43 0.11 0.19 0.12 0.22 0.16 0.16 0.17 0.21 0.26 0.14 0.35 0.15 6.22 0.16 0.37 0.41 0.23 0.30 0.45 0.74 0.12 0.12 0.13 4.56 2.87 0.17 0.13 3.11 1.97 2.22 0.05 4.39 0.11 1.13 0.26 9.40 0.08 3.97 6.24
3.40 3.18 1.56 0.09 1.50 0.16 0.07 10.00 10.45 0.08 0.08 0.09 0.08 0.06 0.23 0.25 1.48 0.07 0.10 0.28 0.06 0.10 2.35 2.62 0.13 0.23 0.36 0.08 0.14 0.14 0.19 4.24 0.18 0.15 0.16 0.13 0.15 0.10 2.27 0.16 0.20 0.12 2.92 0.12 0.17 0.11 0.17 0.16 0.15 0.13 0.18 0.23 0.23 0.25 0.11 0.15 5.67 0.19 0.35 6.30 0.21 0.18 0.23 0.18 0.25 0.09 0.09 3.46 3.46 0.24 0.65 0.42 0.19 2.00 2.84 0.17 0.08 0.09 0.07 0.12 0.10 0.11 0.08 1.24
3.47 3.03 0.16 0.09 0.28 0.12 0.07 0.06 0.05 0.07 0.08 0.09 0.07 0.08 0.07 0.06 0.06 0.09 0.12 0.12 1.12 0.05 0.12 0.06 0.10 0.07 0.14 0.08 0.12 0.15 0.91 3.17 0.16 0.19 0.19 0.17 0.17 0.19 0.17 0.15 0.11 0.13 0.15 0.14 0.07 0.17 3.44 0.36 0.27 0.23 0.22 0.30 1.86 0.31 0.20 0.19 0.25 0.59 0.29 0.23 0.26 0.20 0.34 0.25 0.12 0.19 0.43 0.11 0.08 0.08 0.08 0.13 3.37 0.09 0.30 0.08 0.12 0.08 0.21 0.13 0.07 0.30 0.23 1.15
