data/asc/PuenteDuero/reserva/348_4600_2017_alt95.asc
ncols 200 
nrows 200 
xllcenter 348005.000 
yllcenter 4598005.000 
cellsize 10.000 
nodata_value -9999 
[rows 37 to 73 of 200, columns 0 to 83 of 200]
0.08 3.13 3.58 4.15 4.15 4.33 0.08 3.98 2.98 2.62 3.15 2.99 3.76 2.66 2.74 2.86 3.28 3.63 4.34 3.60 4.02 4.25 3.42 4.10 3.09 2.67 4.12 3.51 2.92 2.68 2.97 2.22 11.99 11.50 3.54 8.81 4.35 2.66 0.43 2.88 4.14 10.60 2.32 2.76 3.19 7.78 3.42 10.35 10.56 11.44 11.08 2.76 3.18 2.71 2.89 2.55 2.64 3.28 2.65 2.78 0.22 10.36 12.72 11.89 3.00 10.98 14.19 2.66 4.68 5.81 0.24 13.26 14.28 3.95 11.73 2.55 14.98 14.84 0.12 0.12 1.67 2.16 2.90 3.76
0.10 4.09 3.41 3.54 4.01 4.16 1.15 3.32 2.94 3.26 4.18 3.77 2.87 2.76 3.58 3.67 3.48 3.11 2.60 3.45 4.36 4.36 2.40 3.47 3.50 3.33 3.45 4.07 2.38 3.91 6.77 3.71 3.35 2.64 3.55 9.19 3.88 3.32 1.27 3.44 11.70 3.51 8.07 9.18 9.74 4.00 9.31 10.71 5.31 9.86 6.48 8.37 6.35 3.63 5.94 2.86 1.56 3.52 3.01 2.93 5.83 2.17 12.93 12.66 11.95 2.70 13.17 3.79 3.88 10.60 1.94 1.72 12.88 13.62 12.46 14.56 14.88 14.59 0.13 0.12 0.09 3.67 5.95 3.88
8.79 4.71 10.69 3.88 3.35 2.97 3.60 2.91 2.93 3.71 4.35 4.30 4.05 4.06 2.91 3.81 3.31 4.06 2.93 3.40 3.39 3.57 3.31 4.12 3.45 3.16 2.41 3.76 2.92 2.08 6.00 3.44 3.31 2.71 3.80 3.41 3.41 3.48 3.02 11.20 10.77 7.79 9.53 1.95 9.30 3.18 9.75 9.92 9.84 1.51 3.51 3.88 5.80 3.87 3.08 2.58 7.87 2.88 3.09 7.88 10.95 11.65 11.51 2.54 11.32 1.59 0.15 12.20 3.20 11.35 10.79 10.24 11.77 10.16 13.92 8.95 13.34 1.94 0.45 0.22 0.11 2.57 0.14 9.97
9.79 3.71 10.68 3.09 3.17 10.50 2.59 3.63 3.38 3.92 4.09 4.80 5.31 4.69 4.20 3.32 4.33 2.72 3.24 3.10 3.41 3.85 3.29 4.11 4.09 4.00 2.71 2.98 6.43 11.16 3.34 3.45 2.49 3.17 3.58 3.65 3.10 12.96 13.87 4.17 9.62 1.89 9.06 4.00 9.88 1.91 9.03 3.34 0.11 7.27 8.04 8.15 3.31 9.07 11.76 11.78 3.33 2.55 3.11 3.40 10.45 11.45 11.97 2.37 1.20 2.55 2.39 12.21 2.45 2.22 2.54 3.45 10.61 0.49 14.23 12.83 3.99 12.90 1.54 0.35 3.10 0.56 2.27 9.21
9.70 3.17 10.59 2.86 3.09 11.30 3.62 3.43 3.21 3.39 3.77 3.55 3.43 0.65 4.36 3.41 3.69 2.90 3.44 3.49 4.17 3.23 3.17 2.52 3.99 2.40 2.84 3.86 3.86 10.53 3.75 9.66 8.14 3.28 3.67 3.25 3.19 3.58 12.79 5.52 10.32 6.28 2.91 4.68 2.65 8.51 9.02 8.95 10.00 8.27 2.45 9.90 9.59 2.57 6.99 10.77 3.40 2.37 3.40 3.49 9.70 10.99 10.63 8.46 2.44 10.61 12.12 0.25 2.89 2.73 3.19 2.93 9.25 8.88 10.40 11.81 12.69 3.07 1.63 0.18 0.17 0.16 10.74 3.39
3.15 2.68 2.72 3.08 3.97 2.48 6.10 3.71 3.38 3.35 3.06 4.23 4.00 3.83 3.49 4.30 3.57 4.06 4.27 3.63 3.42 3.30 3.21 4.65 2.68 2.36 2.79 3.25 3.29 2.94 2.53 2.53 2.02 0.45 2.73 3.36 3.19 3.48 3.17 8.01 9.51 9.28 8.99 7.58 8.55 7.60 0.93 9.54 10.22 10.76 2.84 2.82 2.13 8.12 4.08 11.27 4.41 2.09 3.76 3.29 2.76 10.16 10.51 9.36 10.69 3.63 10.73 7.69 2.86 3.22 3.43 2.93 3.44 2.85 9.20 11.88 12.51 2.66 13.51 0.27 13.23 10.73 10.85 2.43
3.87 2.08 2.93 2.60 10.04 10.60 2.73 4.00 4.16 4.35 3.45 3.17 1.43 2.54 3.84 3.16 2.73 3.94 3.66 4.03 3.56 2.69 3.69 3.93 3.98 2.82 2.37 2.87 3.14 2.87 2.53 2.42 1.24 0.23 2.70 2.67 3.91 3.63 4.60 3.48 10.11 9.37 10.32 0.93 10.49 9.16 10.31 8.04 8.98 10.00 2.60 2.55 8.27 8.95 1.99 2.53 2.98 2.92 3.61 3.59 3.64 10.94 10.53 3.10 10.65 10.09 10.76 8.56 7.56 3.88 6.01 3.86 10.42 10.79 11.12 11.18 3.52 1.11 2.75 0.89 11.57 0.16 3.45 0.14
10.33 3.72 11.23 3.50 3.37 3.40 3.56 2.77 3.19 3.60 3.27 3.03 3.85 3.33 3.08 3.95 3.82 2.53 3.93 3.45 3.32 3.68 3.41 3.74 2.56 1.26 3.51 9.28 3.39 1.54 2.89 2.30 1.85 10.63 10.72 3.19 9.98 7.43 3.17 2.84 1.93 10.16 10.26 9.80 10.20 11.11 2.27 10.52 2.41 9.60 8.89 9.67 1.10 10.16 10.20 1.86 3.22 2.96 12.56 11.11 10.43 9.02 9.07 9.88 8.90 9.36 3.25 3.67 8.40 11.27 11.38 3.25 9.70 11.22 11.44 5.73 10.84 11.55 10.43 11.66 12.74 12.75 13.24 0.12
3.78 11.22 11.15 2.28 10.39 3.15 3.88 3.87 3.14 3.72 3.28 3.38 2.65 2.89 3.65 2.93 3.94 4.12 4.27 4.55 4.47 4.36 2.77 2.55 1.96 2.35 3.54 10.42 10.44 1.68 3.00 3.26 1.59 5.31 7.92 2.73 10.73 11.38 9.32 0.92 6.21 10.08 8.91 10.58 0.13 11.58 11.17 11.03 10.96 1.34 8.35 9.92 10.14 2.32 12.22 3.66 3.80 3.26 9.21 8.43 2.96 2.34 9.88 0.30 9.46 9.19 8.86 10.13 9.19 9.82 8.96 8.81 9.20 9.37 9.32 9.98 10.55 9.79 9.87 10.89 12.11 12.60 13.63 0.16
9.36 3.40 3.34 2.24 10.06 3.79 4.52 3.91 4.13 3.79 3.36 3.36 3.24 3.17 3.37 9.84 2.79 3.33 4.20 4.66 3.57 3.50 3.67 3.89 2.14 2.53 3.34 2.71 3.10 2.55 2.85 1.31 6.58 5.06 9.16 9.01 10.28 0.14 0.21 10.22 11.16 10.12 2.22 0.12 9.69 10.56 10.56 3.63 8.43 2.45 9.36 9.70 6.52 0.21 11.89 10.24 3.13 12.64 3.54 3.21 2.95 2.42 9.91 9.29 2.94 3.57 1.25 9.76 8.98 8.44 8.69 8.75 9.41 9.19 8.95 0.33 10.02 5.28 8.10 4.17 6.53 12.90 12.95 16.23
4.94 7.56 3.96 3.44 3.13 4.02 1.29 2.09 4.68 3.13 4.66 4.04 3.68 3.02 3.48 8.53 3.61 5.19 4.27 0.08 3.05 2.84 1.95 2.53 3.43 2.38 3.44 2.66 2.52 2.72 4.03 7.77 2.68 9.03 8.59 3.02 8.96 6.82 11.34 0.99 1.20 1.21 0.27 8.99 9.60 3.52 8.75 5.09 9.19 2.30 2.97 7.08 2.49 4.79 2.64 3.68 3.28 12.18 2.72 8.68 8.49 2.79 9.88 9.47 9.49 8.58 9.15 9.41 2.91 9.03 9.45 9.77 8.74 10.42 10.12 10.31 7.88 3.63 6.68 11.71 9.72 9.61 5.64 15.16
4.16 3.03 3.97 3.14 3.83 3.78 3.54 4.18 3.54 3.12 2.61 3.35 4.37 3.35 3.68 3.57 3.89 3.73 4.64 3.91 3.16 3.04 2.77 1.77 0.14 4.43 7.58 1.81 3.01 3.42 6.58 3.49 1.35 5.45 8.89 7.18 3.20 11.03 9.84 1.66 1.22 1.21 9.94 9.72 9.33 0.09 1.60 0.49 2.75 9.67 10.52 9.07 9.05 11.02 5.94 3.44 2.98 2.88 8.81 8.89 9.09 9.19 9.50 8.40 9.36 8.33 2.06 8.67 7.75 8.56 9.88 9.99 1.90 3.71 11.00 2.36 3.56 4.24 2.31 3.97 8.88 8.07 3.30 3.19
10.43 8.44 9.84 3.08 3.72 2.90 10.43 4.96 3.65 3.67 3.63 3.98 4.45 2.64 3.99 3.35 4.90 2.48 5.12 3.60 2.73 2.54 2.37 3.05 2.66 1.02 10.29 2.14 3.49 3.49 1.54 3.01 6.12 3.57 2.03 9.94 10.74 10.87 9.85 7.53 8.65 10.71 9.23 9.56 8.79 4.48 5.19 5.17 1.99 7.53 9.72 0.88 8.28 9.29 2.51 5.24 11.47 11.50 4.93 2.71 6.45 6.72 9.50 1.92 2.50 2.89 8.55 9.64 8.39 10.67 1.66 3.78 10.64 4.12 10.34 3.01 3.65 10.61 10.94 2.86 11.14 4.48 2.07 2.89
1.83 10.17 3.11 3.67 2.71 3.35 11.17 4.33 3.38 4.43 3.82 3.93 3.59 2.90 3.26 2.35 3.95 7.08 2.98 2.73 2.28 4.50 1.33 2.67 3.05 2.78 10.79 2.99 3.35 7.02 6.87 10.36 3.08 0.10 0.20 5.54 5.76 6.32 0.10 8.39 6.84 3.51 2.57 9.97 9.48 10.22 3.26 7.80 9.53 9.84 1.03 8.79 1.35 8.49 2.56 3.21 10.33 10.61 3.32 1.39 9.73 6.24 9.77 8.82 9.12 3.17 2.33 9.77 9.42 10.12 10.83 3.38 2.65 11.61 4.08 5.23 1.29 3.14 2.37 11.83 10.50 9.96 2.59 13.79
3.78 9.66 10.11 8.77 1.83 5.04 7.51 11.18 7.51 9.12 3.36 3.69 3.57 2.96 7.41 3.16 10.77 6.74 3.17 5.99 6.22 2.40 4.00 3.24 5.52 1.20 5.32 2.39 2.48 2.63 2.68 8.12 1.64 7.29 7.22 2.92 4.53 8.73 9.63 10.61 11.08 10.29 2.58 2.96 8.40 1.68 9.70 2.62 2.89 9.86 2.38 9.38 0.08 2.61 8.75 10.70 9.41 3.10 2.87 2.00 9.59 9.16 8.99 2.53 8.56 8.12 8.84 9.48 9.48 11.02 11.60 0.22 9.88 10.33 3.49 11.96 11.43 11.16 11.08 2.85 3.20 2.68 3.03 13.00
3.95 11.28 3.77 2.78 2.69 1.10 11.10 11.22 3.27 3.25 3.08 3.31 11.25 3.44 2.51 0.41 11.37 2.46 3.59 4.07 5.54 10.35 5.94 5.50 5.99 2.47 2.52 7.95 2.48 1.58 1.10 8.46 8.52 9.98 7.28 10.81 0.71 4.09 3.33 10.51 3.39 11.24 8.35 11.68 2.88 1.63 9.32 9.66 9.88 3.05 1.96 10.29 2.46 9.49 10.02 8.79 2.68 2.71 10.60 2.81 10.85 8.99 9.15 9.89 4.13 2.04 7.86 8.93 1.91 9.17 11.18 5.01 3.66 11.48 4.94 4.38 1.55 1.63 11.56 10.42 11.07 3.33 4.17 3.00
10.38 3.24 6.39 3.20 3.51 4.15 11.20 9.24 3.48 3.04 13.01 12.33 11.54 5.11 6.72 5.20 7.24 10.83 2.45 5.83 5.84 9.84 3.20 3.57 0.31 8.06 2.41 7.16 8.55 2.82 3.64 9.10 1.62 9.94 9.90 10.54 1.88 10.20 0.37 10.62 10.29 0.11 1.47 11.01 2.73 2.64 2.62 6.37 9.15 9.08 10.87 5.31 1.55 3.98 10.31 2.05 2.71 2.85 10.60 2.15 9.11 1.14 8.03 8.96 8.07 8.89 7.78 7.45 8.53 8.81 8.44 10.88 11.65 10.51 4.37 11.69 11.55 9.67 2.38 10.20 11.04 3.21 2.65 0.21
9.40 4.36 9.31 9.03 3.29 3.80 0.10 2.51 11.12 10.92 4.36 10.25 11.37 1.56 10.70 9.93 10.37 11.65 10.53 11.32 4.09 1.92 2.45 0.20 4.78 1.46 9.46 9.09 7.43 9.84 8.52 8.54 1.84 10.95 4.17 11.11 10.26 2.12 3.09 3.24 2.21 7.99 6.16 3.24 2.62 2.75 2.30 10.39 10.56 2.64 9.48 7.98 1.69 1.63 10.17 2.87 2.71 2.50 2.53 9.33 8.69 9.85 9.46 7.58 9.59 6.77 7.84 8.45 9.25 8.93 0.32 8.20 3.64 10.73 11.16 0.08 11.12 10.74 10.28 3.68 10.63 3.75 3.12 2.47
11.17 2.94 8.67 2.71 3.09 2.92 0.09 3.02 10.09 9.86 0.09 10.57 11.79 2.30 2.80 1.96 3.91 3.33 2.16 10.41 2.66 8.90 2.71 4.56 4.70 1.49 7.63 2.81 7.43 9.40 2.52 3.11 9.35 10.46 9.38 9.88 9.02 2.33 2.49 10.47 10.90 4.33 5.33 1.75 1.99 2.45 9.96 10.06 3.35 8.52 9.29 3.28 3.05 2.30 2.92 2.16 3.33 3.00 9.93 10.07 9.77 10.29 1.72 3.39 9.87 8.90 9.39 9.96 10.27 3.07 11.06 10.77 3.75 10.44 9.61 0.64 11.57 10.13 9.84 3.18 3.09 3.57 12.25 12.83
4.83 3.02 3.74 2.99 7.44 3.87 3.46 8.86 8.53 9.84 3.57 3.22 10.95 10.05 8.58 9.41 1.10 4.19 3.89 10.25 10.28 8.59 1.48 3.68 8.93 0.25 3.32 2.31 0.84 8.63 6.65 2.84 3.10 2.87 3.32 0.32 3.26 10.69 3.13 3.41 9.78 6.80 3.63 7.35 7.48 8.92 9.96 2.13 4.35 1.06 9.28 3.81 0.12 7.36 8.70 2.73 3.43 2.15 9.37 3.06 2.92 3.23 10.07 10.49 8.37 8.74 8.92 3.03 2.77 3.73 10.53 11.37 10.17 2.49 9.37 9.60 1.77 11.43 11.30 3.70 3.82 2.92 11.83 12.29
9.16 3.28 2.07 6.46 3.25 5.02 7.08 6.60 8.54 9.70 0.84 8.59 9.94 9.08 9.59 9.68 10.69 2.17 10.90 8.26 2.46 0.09 9.72 3.01 6.53 2.12 6.07 11.08 2.96 4.61 4.47 9.34 3.84 9.95 9.90 10.02 10.15 8.59 2.64 2.17 6.51 1.30 8.09 9.06 8.67 1.47 9.20 0.49 1.23 1.15 10.11 3.96 10.67 9.96 2.26 10.48 2.58 2.35 11.02 2.75 4.06 0.64 10.37 9.96 8.42 9.95 10.99 3.96 9.40 2.40 1.23 1.76 9.91 9.29 1.60 11.01 3.47 3.63 3.36 1.91 10.61 9.56 0.17 1.99
2.82 3.25 10.58 5.11 2.40 2.58 6.22 10.60 9.66 10.03 9.90 9.61 9.43 10.00 10.37 11.54 10.77 2.84 11.13 3.24 3.24 3.63 7.88 6.36 6.35 6.77 3.76 0.38 10.43 3.35 2.61 2.98 2.99 9.27 2.59 2.79 2.72 3.04 2.83 2.67 2.68 6.16 7.29 5.18 9.38 1.59 2.16 9.52 2.09 9.40 9.49 10.54 10.46 10.37 3.02 10.62 9.53 2.70 10.83 1.43 11.05 2.92 9.89 10.16 10.30 9.01 3.34 2.12 0.38 11.13 11.70 6.01 11.15 10.39 10.82 3.47 3.42 2.99 2.06 2.75 5.14 3.12 1.51 12.06
3.90 3.44 10.05 0.83 8.91 1.20 6.10 2.68 2.83 2.90 3.17 3.68 3.08 10.87 10.42 11.37 3.70 3.12 4.04 10.65 10.44 2.55 3.13 3.29 5.78 10.00 7.32 10.52 11.11 2.35 2.88 10.71 1.33 10.30 2.17 5.02 7.57 8.38 5.78 2.78 2.55 2.41 1.69 7.73 0.12 2.72 3.72 8.45 1.71 9.52 2.65 9.86 3.17 3.29 2.27 3.18 1.93 2.69 9.47 2.29 9.80 1.98 2.03 10.65 9.92 9.87 11.05 0.12 10.72 3.43 11.86 6.22 10.66 3.18 12.58 3.67 2.59 3.62 11.82 12.21 8.71 12.05 2.38 3.09
2.60 9.27 9.15 10.24 8.17 9.43 7.90 7.92 9.82 8.06 8.07 10.27 4.18 3.89 8.04 4.00 3.25 6.86 3.51 1.60 4.27 8.71 3.40 3.12 8.21 9.98 7.45 1.31 7.13 10.59 3.19 9.48 2.92 2.39 8.83 6.87 6.21 9.21 8.65 2.91 7.16 6.63 9.98 9.66 2.18 8.94 10.00 9.65 2.50 3.18 6.85 2.22 9.79 2.93 10.38 2.59 2.16 1.86 8.98 2.61 2.67 2.24 10.62 10.13 7.60 9.48 9.16 9.51 10.90 4.12 13.10 11.08 2.53 1.24 2.71 12.04 12.86 6.74 9.85 3.91 8.73 10.54 10.61 2.62
2.62 10.71 4.15 8.62 9.30 2.94 4.11 8.37 7.64 3.69 3.30 11.14 3.28 3.12 3.22 3.89 4.13 3.53 3.16 3.41 3.75 3.30 2.59 6.89 10.21 4.44 6.50 0.42 1.31 10.34 9.99 1.87 10.68 1.56 9.04 3.91 2.83 5.33 2.53 4.80 8.89 10.91 8.47 2.92 3.32 3.47 3.47 9.86 4.78 2.47 2.77 10.42 9.56 3.09 9.31 10.42 2.61 10.26 2.78 9.95 10.13 2.79 10.11 0.28 2.69 9.47 2.22 3.35 3.25 4.47 3.62 3.22 3.49 3.43 10.73 10.13 3.22 2.65 10.44 3.82 9.05 9.39 9.84 3.13
3.19 3.26 3.11 8.94 2.79 3.13 8.96 10.63 7.71 3.97 3.21 2.93 12.45 7.91 3.39 3.67 2.73 2.61 3.47 3.58 10.54 3.76 8.33 8.63 7.60 3.10 8.96 1.86 8.44 7.87 9.37 0.99 10.18 1.36 9.18 2.45 10.19 9.82 7.94 7.77 0.07 2.34 3.30 2.37 0.05 10.53 10.65 10.36 3.05 2.18 2.73 2.25 3.18 0.27 3.13 9.98 10.11 3.32 10.20 11.49 11.25 10.42 10.57 11.58 0.12 3.46 10.12 3.97 3.24 8.08 3.82 3.35 9.92 7.89 11.03 5.34 8.44 2.62 2.43 10.83 9.96 10.02 2.64 2.95
2.03 11.43 3.20 10.74 8.15 4.15 2.66 11.98 11.97 3.52 1.51 3.13 14.06 8.11 5.77 3.67 3.39 2.88 3.03 9.25 3.64 3.79 3.13 8.74 4.08 2.77 9.15 11.02 10.79 7.39 0.52 7.84 9.90 9.64 1.82 8.30 2.55 7.26 9.80 3.04 2.86 2.52 1.22 3.61 3.31 0.08 2.07 0.28 3.45 2.07 2.65 0.10 11.30 10.07 9.03 3.17 2.51 0.68 9.86 3.67 10.06 2.83 2.69 1.96 1.34 3.66 3.42 3.13 8.38 13.87 3.55 2.91 9.73 6.81 2.66 3.50 8.59 2.37 1.81 10.53 3.43 10.18 2.09 11.82
3.65 10.87 5.63 8.17 4.50 3.30 9.29 2.53 3.48 11.53 1.72 2.14 3.03 0.31 0.19 2.79 2.61 2.75 9.11 7.34 7.34 8.79 3.65 7.73 7.80 7.50 8.64 2.38 1.99 9.19 8.83 1.59 1.23 1.95 8.90 9.67 7.40 8.51 2.72 2.23 2.54 4.75 3.98 3.28 3.49 3.19 3.67 2.89 2.90 10.71 2.80 2.59 1.93 8.89 9.85 0.89 6.23 9.35 9.35 10.07 9.47 3.44 3.26 3.80 5.53 9.78 10.14 2.83 12.83 13.39 3.68 3.12 1.05 2.75 2.73 7.10 10.37 8.14 6.05 10.40 9.91 10.73 11.04 11.73
11.35 11.22 3.56 3.97 3.02 10.84 9.95 3.09 3.87 3.37 9.46 7.05 0.20 3.42 0.74 10.82 2.25 9.99 9.91 4.56 3.44 3.08 9.31 8.75 0.59 8.60 7.81 1.25 7.55 1.08 3.03 1.40 9.29 2.44 2.77 8.65 8.73 9.78 2.89 11.26 10.01 9.69 3.16 5.63 2.66 3.25 3.19 2.91 2.56 11.44 4.24 3.17 2.64 8.02 8.86 2.98 9.18 2.85 9.34 7.54 4.04 5.74 2.80 10.60 2.80 2.36 8.92 3.47 3.42 3.50 3.95 3.41 2.73 11.33 11.81 10.01 0.11 9.55 9.51 9.32 9.06 3.09 3.04 3.71
11.11 10.92 10.49 10.99 4.05 11.33 10.43 9.47 3.41 3.21 13.93 13.13 0.17 7.62 9.24 11.83 4.32 9.95 3.16 9.93 3.60 2.33 3.59 6.34 3.61 8.06 8.35 0.47 8.26 3.13 3.91 2.65 0.13 2.51 2.15 7.95 3.92 9.91 10.14 1.19 9.27 10.01 2.67 9.18 3.42 3.57 0.09 4.92 1.62 2.84 2.65 9.22 2.30 9.51 2.33 9.93 10.41 10.69 2.29 3.13 3.11 1.70 2.99 11.76 11.05 12.09 2.18 3.62 3.39 3.23 3.52 3.64 2.77 1.76 3.05 10.06 0.09 4.54 10.99 9.78 8.84 2.66 10.36 1.57
0.17 0.18 0.19 5.75 0.18 3.53 2.56 13.11 12.83 1.07 14.54 13.91 12.23 2.98 6.28 12.70 12.10 10.22 6.11 2.39 9.84 3.10 10.17 3.65 8.38 7.24 7.41 6.76 2.72 1.11 2.18 6.60 8.61 8.89 1.64 7.34 7.82 3.00 1.85 2.45 1.62 9.72 10.95 3.43 1.23 3.71 3.35 2.99 2.10 2.68 2.42 2.39 4.52 5.56 2.53 10.30 9.49 11.01 2.98 0.14 10.72 3.38 3.31 2.20 1.92 5.23 11.12 2.59 3.99 3.89 3.03 3.94 3.86 0.14 3.12 2.63 0.34 0.09 10.23 6.41 9.35 10.81 9.94 2.22
10.24 0.14 10.97 5.50 3.17 0.18 0.18 13.40 12.86 2.97 0.35 11.78 12.11 3.67 3.56 11.44 11.60 3.00 2.83 2.77 10.16 7.80 11.50 3.78 5.39 9.38 3.04 4.03 2.85 2.18 9.38 0.16 2.62 1.91 6.39 8.39 7.39 2.52 2.71 10.09 2.10 9.74 10.91 1.42 3.20 3.40 3.83 3.25 3.42 3.40 3.05 9.09 1.24 2.76 7.78 10.98 9.15 4.72 7.29 10.03 11.35 9.26 3.51 11.20 10.52 11.44 11.82 3.26 4.56 4.13 3.21 4.05 2.79 3.28 3.20 3.13 9.02 9.65 5.59 2.70 6.14 10.13 2.89 2.19
12.06 12.64 13.00 12.51 0.15 0.19 12.67 14.17 4.47 8.09 0.18 4.03 11.30 9.09 3.35 2.87 11.41 2.49 3.10 3.59 10.01 10.42 8.33 3.70 3.34 4.04 3.29 9.16 4.79 6.40 8.81 2.84 2.73 8.63 2.90 6.57 2.81 6.15 9.73 1.16 7.69 7.05 9.29 3.16 3.78 4.41 4.15 4.22 1.95 7.66 2.05 9.39 3.10 2.76 9.05 2.79 10.91 8.18 9.23 10.28 2.48 10.55 11.67 3.26 4.03 4.15 4.24 2.89 2.98 3.87 5.00 3.99 2.79 2.99 3.30 2.86 2.44 1.04 11.80 2.93 9.47 9.68 11.10 10.53
0.15 12.44 12.50 10.72 1.51 5.09 7.85 12.81 8.51 0.16 3.59 12.60 12.47 2.75 1.60 1.83 10.50 10.81 9.62 10.11 2.87 2.05 9.09 3.93 10.23 9.70 8.31 3.23 2.71 7.58 2.25 9.28 1.10 2.81 3.93 6.44 7.18 8.59 8.76 10.10 9.44 9.66 9.81 3.27 0.56 4.01 3.89 11.48 2.96 3.50 1.51 2.00 9.74 8.89 3.38 3.58 2.70 10.14 10.46 8.55 10.46 1.99 10.89 9.93 3.48 3.20 0.09 3.96 4.00 4.55 4.36 2.10 2.91 2.79 3.80 3.37 2.91 3.37 12.05 11.44 2.82 3.29 0.98 3.20
11.41 5.52 10.41 11.82 0.65 7.53 8.89 0.13 0.15 3.63 3.79 6.21 0.15 8.83 7.88 12.16 11.28 3.40 1.22 8.44 3.19 3.94 3.04 8.74 2.30 3.57 8.72 6.51 1.91 8.40 3.37 9.42 7.32 9.42 4.36 3.04 8.25 0.20 1.05 10.53 1.66 1.94 2.67 10.21 0.62 7.78 4.45 7.49 3.00 8.89 1.83 2.40 9.36 3.62 0.63 3.56 9.92 9.93 7.96 2.95 3.07 2.78 7.61 2.37 2.92 2.80 1.77 3.67 4.44 3.90 2.65 2.92 2.49 3.69 2.79 3.11 2.83 2.56 0.25 2.22 3.23 2.83 11.91 12.08
12.03 11.59 11.29 0.12 14.29 0.13 7.12 14.57 15.86 0.16 5.06 5.33 0.76 8.79 3.92 1.66 1.78 0.58 1.16 11.97 9.36 9.08 10.56 3.77 2.98 3.39 3.87 7.43 9.46 2.39 2.92 7.88 3.54 10.50 4.16 3.91 2.79 7.85 8.32 2.44 11.27 9.82 1.73 7.72 2.43 2.40 9.78 10.43 0.67 3.34 2.91 3.13 3.11 1.57 1.51 8.49 8.99 8.10 9.12 0.14 0.08 10.58 3.77 2.30 2.41 2.67 3.17 3.86 1.83 3.54 3.14 2.58 3.28 3.41 2.86 4.64 3.44 3.20 2.77 6.14 3.40 2.87 1.34 2.60
4.93 9.45 0.13 0.18 14.49 12.97 0.17 3.88 15.14 3.22 13.21 6.48 1.47 6.93 0.24 12.40 1.40 11.90 2.82 9.05 10.59 2.44 9.76 9.63 3.28 8.97 3.46 3.72 8.07 2.50 3.59 11.73 3.20 10.72 3.57 8.67 2.96 6.22 6.89 9.81 9.95 9.29 9.38 2.59 1.17 2.10 1.74 3.42 0.10 2.69 2.96 9.39 3.11 10.85 1.76 10.01 0.82 2.58 9.38 9.81 2.27 11.21 11.21 2.77 3.10 3.03 3.19 3.74 2.76 4.08 4.07 3.29 3.38 2.69 2.81 3.03 0.07 3.78 3.13 5.88 3.24 1.81 5.47 2.18
