cartolidar/data/other/asc_other/476_4576_2017_Alt95.asc
ncols 200 
nrows 200 
xllcenter 476005.000 
yllcenter 4574005.000 
cellsize 10.000 
nodata_value -9999 
[rows 37 to 73 of 200, columns 0 to 82 of 200]
8.79 8.34 7.95 1.56 9.28 10.27 9.19 9.62 9.94 11.24 10.48 10.28 10.50 11.52 0.94 9.95 9.94 8.17 8.01 9.19 8.56 6.81 2.42 4.48 2.90 2.56 0.38 0.49 1.09 0.96 1.54 3.54 0.92 3.10 1.51 3.35 2.83 2.39 1.76 1.76 0.68 0.29 1.02 1.17 3.16 1.77 1.91 4.35 4.55 4.60 0.94 0.63 2.59 0.59 1.47 1.85 1.26 6.38 5.85 2.06 1.26 1.54 2.24 1.85 6.11 1.34 1.51 2.62 0.28 0.21 0.23 0.24 0.34 0.50 0.19 0.16 5.06 1.42 1.52 5.40 1.74 1.34 2.14
8.14 7.16 8.97 9.98 9.35 8.84 6.62 10.34 10.53 9.32 10.06 8.80 11.53 12.38 1.50 10.09 9.42 0.67 9.32 8.86 8.43 9.33 7.09 3.71 0.97 3.58 2.49 0.99 3.31 1.33 2.35 3.00 1.47 1.46 3.52 3.92 1.89 1.76 1.08 1.18 3.16 1.83 1.66 1.40 1.49 1.29 1.88 1.42 1.02 1.07 0.73 1.34 1.09 3.47 0.74 2.07 1.90 4.40 5.98 4.64 1.28 1.82 1.81 1.92 6.93 1.51 1.04 3.40 0.45 0.72 0.34 0.24 0.36 0.40 0.57 0.25 0.23 1.10 1.61 2.14 7.49 7.72 4.87
8.78 8.60 8.81 9.64 9.30 9.41 10.09 8.85 9.06 9.62 10.64 10.02 11.10 11.55 10.30 9.31 9.15 9.45 8.43 8.79 8.49 7.44 9.44 9.22 0.39 1.19 4.57 1.69 1.10 1.45 2.01 2.11 2.47 1.13 2.07 1.23 2.56 2.64 4.55 1.56 1.94 1.68 1.22 1.54 1.06 1.21 1.00 0.98 1.15 1.20 0.89 1.04 0.99 1.61 3.60 2.89 1.87 3.71 5.00 3.05 1.95 1.88 1.17 1.80 4.37 4.48 2.05 2.60 2.84 0.31 0.25 0.33 0.28 0.36 1.04 1.21 1.03 1.37 1.11 4.34 2.43 2.04 3.48
3.57 0.33 8.47 9.85 9.09 9.73 9.64 0.46 10.75 10.26 8.46 9.96 11.21 12.01 13.54 10.62 9.40 10.22 10.37 10.16 9.68 9.66 10.25 9.04 7.32 1.24 1.15 2.08 1.40 2.98 3.95 2.28 3.52 2.13 2.83 3.71 3.02 1.30 2.91 3.79 4.31 1.98 4.34 2.19 0.78 1.03 1.23 1.32 1.14 1.33 1.44 1.38 1.40 0.96 2.16 2.42 2.00 3.49 4.25 3.04 1.23 2.05 3.14 1.36 5.39 4.95 1.59 1.52 1.82 1.47 0.35 0.40 1.20 0.33 1.66 1.32 1.51 1.71 1.32 2.08 2.00 3.38 2.62
8.85 8.72 2.65 7.67 8.67 0.27 10.24 9.74 10.21 10.24 0.59 10.04 0.71 12.03 11.14 8.81 10.50 9.52 9.56 10.15 9.53 0.34 7.50 8.80 8.26 7.30 0.50 3.83 1.18 4.07 3.17 3.12 2.80 2.54 2.67 3.16 0.66 1.94 1.77 1.75 2.03 3.56 2.88 2.05 1.24 0.56 0.49 1.19 2.08 1.09 1.43 1.09 0.93 1.10 1.59 2.15 2.10 2.96 5.11 1.67 0.68 1.82 1.28 0.61 1.00 2.69 2.24 1.93 1.90 2.01 1.21 0.34 2.43 0.24 1.55 1.24 1.54 2.67 1.44 1.46 1.29 3.93 1.38
0.91 7.96 8.13 9.14 8.05 0.33 9.54 10.26 10.40 1.36 9.63 10.26 11.16 12.30 11.64 1.17 11.26 10.37 10.36 9.59 9.08 10.10 8.68 9.69 9.68 6.48 1.04 0.97 1.07 3.32 2.95 1.87 2.34 1.51 1.13 4.73 1.07 1.69 3.60 2.48 1.68 2.10 2.13 0.98 2.32 0.87 0.63 1.13 1.05 1.35 1.26 0.85 0.44 1.28 1.37 1.45 1.76 6.31 3.15 2.39 2.60 0.57 2.68 0.58 2.66 4.21 2.91 4.92 1.58 3.49 1.50 1.11 0.59 0.29 0.26 0.75 1.41 4.75 4.19 1.25 0.98 1.94 1.18
0.51 9.05 8.41 8.42 8.19 9.24 10.66 9.12 9.76 9.33 6.57 9.67 9.24 11.87 11.38 2.86 9.92 9.14 8.86 9.24 9.83 0.26 8.57 0.43 9.77 2.13 0.42 1.38 2.35 3.00 3.25 5.83 4.94 3.83 3.73 -9999 -9999 1.45 1.64 5.55 4.05 1.31 2.20 1.35 1.02 2.39 0.57 0.74 1.34 1.12 1.20 0.71 0.79 1.04 0.96 1.05 1.18 4.46 4.54 2.38 1.06 0.90 3.79 0.86 1.05 3.05 3.45 2.74 1.49 1.55 1.98 0.36 0.35 0.26 0.54 1.20 1.12 1.35 2.24 0.99 2.35 0.65 4.13
8.46 8.47 9.09 9.18 6.50 9.14 9.48 9.65 9.27 10.57 10.75 9.91 10.93 10.50 11.18 11.00 10.06 8.92 9.35 8.47 2.65 9.14 8.77 0.23 0.42 9.94 6.85 2.39 2.63 1.94 2.43 4.65 4.39 1.34 1.58 -9999 -9999 2.53 1.31 5.07 2.30 0.84 2.05 2.29 0.95 0.56 0.92 0.79 1.27 1.05 1.34 0.86 0.57 0.72 2.02 0.92 0.76 2.58 6.46 2.01 0.87 3.28 2.67 1.51 1.15 1.51 4.64 4.06 2.64 1.72 4.46 1.98 0.39 0.35 0.26 1.38 1.22 1.50 1.18 2.75 4.15 0.37 1.61
8.67 8.59 8.74 8.87 8.14 8.28 9.07 9.17 10.11 9.99 9.96 9.79 11.21 0.75 11.46 11.56 10.18 10.08 10.06 9.77 0.31 9.41 1.70 8.91 8.74 9.04 7.15 1.22 1.92 1.04 2.12 4.14 5.79 3.76 1.50 1.22 1.23 1.63 1.38 2.26 3.39 1.76 1.89 1.92 2.75 1.33 0.71 0.97 1.45 0.83 0.96 0.87 1.12 2.56 1.92 1.06 0.88 0.77 2.70 3.08 4.84 1.28 1.72 1.48 1.55 1.57 2.49 5.66 2.06 2.55 1.78 1.68 3.74 1.46 0.30 1.19 1.60 3.38 2.60 1.47 2.15 0.76 0.71
8.92 8.80 8.75 8.24 8.71 10.07 0.47 8.28 9.83 9.58 10.64 11.76 13.47 13.65 9.81 10.26 10.61 9.94 9.05 0.34 8.99 9.36 0.34 8.33 8.88 7.41 0.31 0.67 0.89 0.74 3.70 2.80 2.20 5.08 3.31 4.47 0.93 3.23 2.31 2.42 2.57 1.41 1.14 2.85 2.11 3.10 1.17 2.20 1.01 0.81 0.82 0.86 0.81 1.02 0.85 1.12 0.93 1.56 4.06 2.59 3.23 1.52 0.78 1.00 1.34 1.91 1.56 4.52 1.47 1.37 1.53 1.17 1.37 1.35 1.68 1.08 2.03 1.70 1.65 1.07 1.01 0.44 0.62
6.73 7.94 0.29 9.91 9.61 8.74 9.37 9.06 10.03 9.33 10.79 10.36 12.35 13.11 14.21 8.22 10.25 11.39 10.12 9.08 10.47 0.26 8.10 0.32 9.16 7.14 6.51 0.22 1.27 0.90 2.76 3.47 7.12 8.31 5.43 4.99 5.39 1.07 1.39 2.31 1.65 1.87 1.30 1.44 1.46 1.20 0.95 0.91 1.59 1.17 0.91 1.10 0.99 1.38 1.04 1.42 1.01 2.62 2.94 3.49 1.65 0.86 0.70 2.25 1.71 1.97 3.18 1.23 2.72 1.47 1.32 1.43 1.23 1.38 1.33 1.86 1.27 1.53 2.68 1.15 1.43 0.54 2.07
9.39 9.25 8.17 3.23 10.06 8.65 0.43 8.84 9.90 9.49 10.24 12.30 12.47 11.19 10.97 10.64 7.38 10.41 10.79 10.63 8.90 9.29 8.25 8.98 7.30 7.61 0.96 0.86 0.29 1.65 4.28 4.46 7.92 11.14 5.70 1.45 2.48 1.23 1.97 2.16 1.05 3.54 3.22 2.59 2.27 1.14 1.02 0.67 1.21 0.91 0.95 0.98 0.70 0.78 1.28 0.77 2.61 2.13 4.69 1.91 1.73 2.40 1.28 0.96 2.24 2.60 2.93 3.41 4.76 4.49 1.94 4.30 2.13 1.53 3.16 0.85 1.17 2.08 1.36 1.13 4.31 1.09 0.62
7.67 8.25 8.53 7.71 9.05 9.88 9.74 9.83 10.50 10.24 11.08 10.57 13.20 12.96 0.42 10.15 10.63 10.94 10.78 9.55 9.53 7.94 9.48 7.63 8.40 6.78 0.45 3.71 2.35 2.09 1.60 3.31 8.18 4.23 2.96 2.34 1.70 3.75 1.64 1.39 1.58 0.73 1.52 1.80 0.65 0.68 1.16 1.88 3.18 1.60 1.03 1.04 1.48 0.82 0.83 0.98 1.23 1.37 1.54 1.58 2.11 2.16 1.49 1.85 1.26 1.21 3.46 2.47 4.40 2.58 2.21 1.52 1.78 1.70 2.49 2.02 1.21 0.82 0.48 4.31 4.31 1.57 1.47
6.51 0.37 0.31 9.48 9.32 9.88 10.75 9.88 9.22 10.74 11.21 11.10 13.45 13.70 11.23 12.02 9.76 10.92 0.37 11.88 9.35 1.69 9.54 9.09 7.15 6.84 0.38 3.41 3.47 3.77 3.04 2.07 0.70 0.90 0.82 1.38 0.78 1.01 2.94 1.88 1.03 1.48 1.63 0.72 0.64 0.81 2.01 3.00 2.93 1.00 2.15 2.91 3.60 0.82 1.38 1.42 1.15 1.32 1.67 1.34 1.59 1.79 2.37 1.42 1.75 1.28 2.26 5.39 2.48 4.16 5.07 2.00 2.17 1.77 1.32 1.95 1.32 1.06 1.11 1.53 1.97 2.17 0.54
8.46 5.80 9.57 9.72 8.49 9.45 9.75 9.02 10.54 11.57 10.57 11.22 12.65 13.66 4.54 12.71 1.40 9.98 10.91 10.00 8.49 9.67 0.28 9.18 7.68 0.48 0.75 3.89 3.39 3.09 2.20 1.31 2.25 1.56 2.43 3.05 3.76 4.07 2.89 1.29 0.52 1.05 0.90 0.89 1.80 1.62 1.92 2.33 3.70 2.67 3.23 1.47 3.46 1.11 1.51 1.93 1.14 1.41 1.71 1.04 2.41 1.49 1.11 1.72 1.36 1.37 2.30 1.95 2.30 3.98 2.98 4.09 3.16 1.74 2.89 1.14 1.28 1.25 1.25 1.76 1.48 1.83 2.32
9.11 8.23 8.58 8.95 9.58 9.88 9.18 10.40 10.10 11.39 10.34 11.78 11.76 11.36 12.71 1.45 9.41 10.48 10.59 11.41 1.55 9.11 9.21 9.13 8.61 6.94 2.52 3.39 3.65 7.00 1.52 1.15 1.45 2.03 3.87 4.64 4.30 3.82 4.36 1.28 3.92 3.04 1.98 2.79 1.63 0.44 1.29 0.51 3.22 4.93 5.48 4.42 4.71 3.54 4.70 0.92 3.72 0.97 1.43 1.23 1.55 1.82 2.13 1.62 1.74 1.72 1.74 2.72 3.26 5.10 1.75 2.16 1.93 1.48 1.67 2.18 2.48 1.48 1.69 1.51 1.64 1.16 4.47
9.17 9.19 9.01 9.29 9.00 9.76 8.82 7.73 8.59 9.67 11.45 11.69 11.74 11.28 0.99 12.91 11.36 4.96 10.13 8.78 9.71 9.56 9.11 8.01 8.10 1.01 4.28 4.00 2.99 3.43 3.36 1.94 1.59 1.40 4.14 4.83 3.78 2.46 4.08 4.81 4.11 1.80 2.47 2.98 2.64 3.58 3.56 2.79 5.85 0.58 6.37 0.33 0.38 0.91 3.21 1.62 0.98 0.69 0.79 2.87 1.17 1.31 0.91 1.45 1.60 1.10 1.31 2.36 1.93 3.24 1.82 2.07 1.82 2.12 3.99 1.54 1.89 4.07 1.57 2.36 1.84 1.37 2.46
8.96 9.39 9.14 8.07 9.18 8.50 9.27 2.77 8.62 8.97 10.47 9.93 11.54 1.51 10.93 11.68 11.05 11.55 10.73 10.33 10.60 9.52 8.22 8.23 8.29 0.24 3.81 4.17 4.29 3.58 3.15 1.70 1.46 2.43 3.52 4.25 2.84 5.22 5.01 4.14 1.71 3.66 3.00 2.32 3.12 2.79 1.85 5.70 8.08 8.56 7.97 7.20 0.66 6.07 0.76 3.40 0.99 0.95 1.08 1.88 0.95 1.62 1.60 1.89 1.51 1.17 1.41 1.97 2.99 2.21 2.27 1.78 1.72 1.96 1.62 1.89 1.46 3.34 1.46 2.97 2.11 1.08 2.18
9.05 8.83 1.45 6.67 8.10 7.68 6.62 8.36 0.31 0.35 5.91 11.25 10.50 10.79 10.87 10.79 9.46 9.86 9.63 10.80 9.84 9.35 8.84 6.50 2.28 1.91 4.12 3.25 3.95 3.19 1.71 1.27 1.53 3.84 3.86 4.28 4.96 5.11 4.76 3.13 0.50 2.80 3.12 0.97 0.38 6.71 2.04 7.07 9.10 9.41 7.45 7.53 1.81 1.54 3.25 4.93 1.96 0.88 1.33 1.34 1.53 1.77 2.09 2.39 1.52 1.53 3.06 1.64 2.97 2.46 4.07 1.90 1.91 1.79 1.67 1.85 2.46 2.35 1.92 2.00 5.50 1.53 1.81
8.69 8.55 8.10 8.18 0.56 7.74 8.05 7.43 8.17 0.30 8.80 9.68 2.32 10.24 11.03 9.13 9.83 10.05 6.39 10.43 9.55 0.33 10.20 0.25 7.38 0.21 3.50 4.26 4.44 3.34 5.39 4.10 2.07 1.59 5.76 5.24 4.67 2.20 2.65 0.88 0.94 3.55 2.85 3.55 3.73 3.13 7.90 7.93 9.59 0.88 8.27 8.73 0.30 3.41 0.40 5.11 2.82 1.08 1.80 1.26 1.53 2.09 1.27 1.85 1.35 1.44 1.18 1.24 1.91 1.18 1.85 2.79 1.79 1.86 2.00 1.78 1.42 1.40 1.53 1.29 1.28 2.52 1.03
8.50 0.32 7.89 5.98 6.77 3.11 0.41 3.21 7.21 8.44 0.27 0.33 8.73 8.76 8.42 7.93 9.53 9.01 9.36 9.70 9.78 0.35 7.40 9.56 1.43 0.25 4.45 5.17 4.13 3.55 3.58 2.99 3.31 1.81 4.77 5.32 0.68 3.58 2.30 1.76 0.96 0.79 4.70 2.96 4.10 8.98 7.94 6.93 7.90 9.03 10.97 8.82 8.08 3.95 8.07 1.81 3.90 2.55 2.96 1.18 1.37 1.91 0.87 1.78 1.30 1.19 1.40 2.25 1.22 1.68 2.75 3.74 1.91 2.97 1.86 1.57 3.67 4.37 1.34 4.75 2.35 1.35 1.34
8.21 6.66 0.96 3.13 6.63 0.41 0.35 1.29 3.23 6.50 8.84 9.00 7.98 7.77 3.64 8.60 8.20 9.21 9.78 8.20 9.56 9.44 9.26 8.60 0.50 0.26 5.14 4.36 4.03 4.49 4.19 4.18 3.32 4.21 4.91 4.68 5.30 2.66 2.42 1.18 0.53 0.54 2.08 3.88 6.43 8.70 8.30 0.36 9.94 8.83 7.76 9.14 9.22 0.67 5.01 4.74 2.43 2.86 3.80 3.10 3.97 1.28 1.45 1.20 1.18 1.66 2.07 2.79 3.19 2.62 2.58 3.38 2.28 4.40 2.87 2.06 1.43 3.10 2.01 1.24 2.36 1.38 1.65
0.30 6.59 6.77 6.76 0.17 7.15 2.47 2.18 2.64 0.50 7.59 1.99 7.37 1.63 8.18 7.95 6.94 7.30 8.84 7.69 0.26 8.32 8.62 7.68 7.03 0.25 4.78 5.45 4.80 4.43 5.22 4.96 2.46 1.13 5.26 4.37 4.12 1.89 3.25 2.46 1.46 3.09 2.49 4.00 2.61 7.30 6.51 6.00 7.83 8.22 8.79 8.60 9.23 8.70 5.97 4.82 3.11 4.49 2.22 2.50 1.51 1.77 1.65 1.58 4.08 2.24 2.94 2.47 3.65 3.10 2.58 1.57 1.45 3.03 3.85 2.48 1.75 1.40 1.59 3.18 1.71 1.58 2.27
7.61 0.20 6.49 6.09 0.04 7.55 0.29 3.61 0.34 2.73 3.92 8.65 8.44 7.46 3.04 6.25 7.80 7.46 0.39 0.13 8.87 8.76 3.95 8.49 0.26 0.25 5.28 5.03 5.10 4.37 5.72 5.09 1.77 4.13 4.96 4.61 3.91 3.94 3.08 2.28 2.47 3.14 0.96 3.74 4.12 0.91 7.39 7.19 7.29 0.31 5.80 8.58 5.07 5.95 2.63 2.96 1.63 2.92 3.67 4.34 1.67 1.91 2.10 1.26 1.30 1.34 1.23 1.52 3.11 1.43 1.34 1.36 1.28 1.24 2.12 2.79 2.00 1.56 1.68 1.08 1.52 1.62 1.90
6.12 0.00 8.45 0.22 7.03 6.72 7.32 2.60 0.29 3.79 2.62 2.02 2.69 7.10 1.85 7.79 7.93 8.52 0.57 0.38 8.63 0.27 4.63 7.80 0.23 0.31 5.73 5.09 5.29 4.21 7.21 4.58 2.33 1.65 3.75 4.31 4.33 3.19 2.88 2.68 1.40 2.53 3.48 3.44 0.37 6.20 4.48 8.22 3.19 7.88 8.84 9.04 8.95 9.17 0.73 5.57 3.80 2.46 3.88 3.23 3.12 3.51 4.13 1.61 2.21 1.32 1.40 1.39 1.07 1.20 1.40 2.35 1.06 1.66 1.94 3.27 4.60 1.96 1.72 1.23 1.64 1.14 1.65
8.87 7.96 1.78 7.69 7.42 7.52 6.42 0.36 0.25 2.70 0.94 1.09 2.81 1.63 3.29 5.43 8.41 9.18 7.42 8.19 0.27 6.63 0.18 7.88 6.75 0.36 5.08 4.48 6.12 4.95 5.44 4.68 2.11 2.36 2.03 3.25 3.53 4.07 3.87 2.65 2.79 3.02 2.60 1.81 0.25 5.84 8.21 6.55 7.10 7.09 5.65 9.03 7.50 7.91 7.02 6.61 4.12 6.36 3.39 3.53 2.67 1.46 4.03 1.40 1.23 1.58 3.60 1.57 1.59 1.49 1.23 2.15 0.74 0.99 1.72 1.04 4.29 1.98 1.78 1.48 3.33 2.96 4.33
7.97 0.31 8.66 0.32 1.57 8.53 7.56 6.55 4.51 2.70 0.29 3.91 1.40 3.61 3.24 1.41 5.57 0.31 4.77 8.01 7.88 0.47 8.56 0.19 3.24 0.30 5.72 4.80 3.11 4.82 5.62 4.70 3.74 1.87 1.19 3.92 2.74 3.63 3.89 3.16 3.45 4.43 2.79 2.67 0.32 2.82 2.27 8.28 4.97 5.96 9.26 7.33 7.52 7.20 9.31 2.98 4.86 4.49 4.51 3.58 2.88 3.28 2.37 2.20 3.28 1.49 0.90 1.48 2.01 1.53 1.29 2.44 1.19 4.18 3.00 1.57 1.61 1.38 2.53 1.23 1.32 5.35 1.29
8.86 6.81 7.48 7.70 8.69 8.16 8.41 7.29 8.39 0.35 7.64 4.23 4.10 0.41 0.39 0.44 1.35 7.21 6.19 7.70 8.15 7.86 6.80 8.70 7.12 0.31 5.15 4.60 5.13 5.05 5.14 5.18 4.88 4.65 1.21 4.20 4.22 3.81 3.35 4.31 3.85 4.37 3.81 4.16 0.31 3.97 6.19 7.48 9.62 8.66 6.77 7.22 1.48 3.87 3.76 6.83 5.35 4.69 4.70 3.35 3.19 3.85 3.93 2.60 1.75 1.20 1.39 0.95 3.39 1.50 1.49 1.47 1.35 4.90 3.30 2.27 1.11 1.66 1.86 1.42 1.10 1.95 1.54
9.35 6.48 7.50 7.15 0.28 8.24 7.75 8.40 9.18 8.97 9.21 9.62 9.29 0.46 3.31 4.25 0.98 7.23 8.92 8.65 3.90 0.16 6.59 6.58 0.40 0.28 3.90 4.43 4.81 4.96 4.76 5.08 4.46 3.34 2.10 4.42 4.70 3.81 3.42 2.95 4.54 5.48 3.61 4.42 3.76 4.27 6.30 7.44 7.41 7.57 8.64 1.33 5.03 7.90 3.82 5.45 5.40 5.91 3.83 2.79 2.44 2.09 3.42 3.07 1.05 2.98 1.22 2.58 1.64 1.59 1.38 1.31 2.11 2.18 1.42 1.30 1.04 1.54 1.94 1.08 1.00 0.96 3.79
7.37 5.22 0.29 2.45 4.48 7.45 0.32 7.45 7.84 9.75 9.69 9.73 9.10 7.17 2.34 1.64 6.60 8.07 7.87 7.40 6.37 6.57 0.22 7.03 6.70 6.52 1.82 3.89 3.99 5.01 5.06 4.86 4.37 2.39 1.51 5.38 4.27 4.29 3.53 3.46 4.42 5.80 3.26 5.07 3.65 0.39 4.64 8.13 6.27 3.63 6.96 8.92 7.40 1.08 2.36 4.02 4.28 2.92 3.86 3.09 2.85 3.91 2.25 2.98 2.55 4.61 1.52 1.56 2.83 3.57 1.48 4.33 1.36 1.57 1.61 1.25 1.02 0.83 1.41 1.16 1.31 4.55 1.43
9.14 0.00 0.20 6.14 8.00 0.34 0.24 9.05 9.40 10.01 9.32 10.80 9.96 9.17 8.09 9.15 8.06 0.25 0.21 0.25 0.42 7.15 0.26 0.21 6.31 0.28 4.06 4.08 4.64 4.64 5.29 4.45 4.38 1.79 1.71 5.30 4.96 3.53 3.66 3.65 3.98 4.17 3.33 2.60 0.57 2.49 4.98 0.37 0.41 8.94 9.76 8.17 6.78 2.47 7.45 5.82 4.49 3.89 3.48 4.07 3.37 4.79 2.58 3.74 2.49 3.70 1.69 1.29 1.94 1.27 1.44 1.49 2.42 1.62 1.41 1.50 1.31 1.07 1.23 1.48 1.31 3.00 3.85
9.69 9.94 8.17 0.24 7.72 7.45 7.84 0.22 9.07 9.22 8.99 9.82 10.17 8.58 9.93 9.33 9.18 8.27 0.12 0.21 6.72 7.24 6.60 0.57 2.93 5.87 2.38 3.68 4.86 4.96 4.18 3.12 4.50 3.85 1.36 4.09 3.85 2.87 3.92 3.01 3.45 3.78 3.30 2.48 4.34 3.78 3.65 3.74 2.75 1.08 2.49 3.38 7.29 5.99 4.32 2.00 4.64 6.19 4.25 2.77 3.86 1.76 4.15 0.79 3.80 1.16 0.96 1.45 1.96 2.77 1.55 1.58 1.86 1.51 1.83 1.77 1.23 1.34 1.47 1.62 1.56 2.42 4.58
8.73 9.73 9.80 8.84 8.74 8.13 7.50 0.62 7.49 8.33 9.33 9.13 9.79 10.41 10.72 10.31 0.09 9.13 9.53 7.06 8.25 6.48 6.41 0.31 5.57 2.29 0.58 4.05 4.99 4.44 4.41 4.14 4.06 2.46 3.14 1.33 3.18 4.95 4.89 2.60 4.24 3.80 3.72 2.59 3.03 4.53 3.45 4.15 4.90 8.72 8.54 2.29 2.05 8.59 5.26 6.41 7.18 7.73 1.30 2.86 3.49 2.38 2.13 1.45 1.36 1.51 2.25 1.61 1.53 1.48 1.40 1.35 1.44 1.23 1.68 1.61 1.79 1.50 1.14 1.42 1.70 1.63 1.17
8.58 0.33 9.04 0.15 0.17 9.28 8.48 8.13 7.77 6.46 8.54 9.66 10.41 8.30 10.31 9.39 9.34 9.37 9.97 8.07 7.18 7.87 5.53 7.09 5.75 0.56 3.95 2.99 4.61 4.42 4.54 4.75 2.50 4.02 3.90 2.55 4.12 4.12 5.10 4.09 3.24 3.95 4.06 4.05 2.30 2.73 0.44 3.57 4.92 6.50 9.44 8.74 8.69 8.81 7.22 8.29 7.43 6.07 6.14 1.59 2.43 2.23 2.85 2.08 1.52 1.62 2.16 2.05 1.79 1.66 1.31 2.70 1.59 1.47 1.52 1.65 1.70 1.75 1.45 2.83 4.48 3.91 1.06
7.92 9.17 2.36 0.48 8.84 8.63 7.67 5.92 8.21 8.92 9.20 7.20 8.28 8.64 10.62 10.18 9.99 9.91 9.73 8.97 7.09 8.18 3.71 0.33 2.44 4.89 3.18 3.69 4.15 4.10 4.07 5.29 4.67 5.37 3.97 3.21 4.21 4.50 4.45 4.71 3.02 5.12 4.56 3.77 0.43 2.80 3.90 4.35 4.14 6.78 3.25 9.98 2.30 8.48 2.13 5.25 4.88 6.05 1.85 4.65 1.90 1.72 2.23 1.83 1.42 1.54 1.94 4.22 3.75 1.33 1.72 1.70 1.48 1.67 1.49 1.27 1.51 1.64 1.56 1.55 1.21 1.57 3.26
9.32 8.50 7.73 5.84 6.03 7.27 6.53 8.23 0.28 9.08 8.84 0.41 8.53 7.33 8.62 6.90 8.48 8.30 8.91 8.72 8.36 0.23 8.29 7.33 5.19 0.28 3.77 3.76 4.09 4.24 4.14 4.88 4.87 5.50 4.25 3.34 2.50 5.08 4.25 5.77 4.65 4.73 5.23 3.55 0.89 2.31 1.92 1.13 3.06 5.24 5.90 2.69 2.42 6.67 7.86 6.27 7.68 5.13 2.71 4.76 1.53 2.88 2.44 1.68 1.07 3.14 3.71 2.08 2.99 2.49 1.33 2.41 1.27 1.51 1.51 1.45 1.40 1.59 1.24 1.21 0.96 1.64 3.36
8.02 8.46 6.11 7.49 7.89 0.53 0.41 8.43 6.93 9.64 8.70 8.66 8.47 0.49 8.09 7.37 8.18 8.23 8.83 8.70 8.40 7.81 7.41 6.80 1.69 3.26 4.53 3.77 4.17 4.39 4.94 3.72 4.83 5.07 5.50 3.32 4.41 4.31 4.43 5.36 4.94 5.39 4.23 4.45 0.45 0.53 1.57 0.26 6.61 6.70 8.16 7.08 2.40 3.65 5.06 7.83 6.56 7.80 4.34 4.62 3.91 1.64 3.25 3.34 1.43 3.22 3.20 3.63 1.39 1.44 1.35 1.96 3.26 2.45 1.06 1.42 1.58 1.78 2.60 1.07 2.04 2.45 3.42
