cartolidar/data/other/asc_other/476_4576_2017_Alt95.asc
ncols 200 
nrows 200 
xllcenter 476005.000 
yllcenter 4574005.000 
cellsize 10.000 
nodata_value -9999 
[rows 74 to 110 of 200, columns 0 to 82 of 200]
8.22 9.08 8.77 8.79 8.77 7.61 7.59 8.87 7.95 8.19 8.33 9.23 9.38 3.25 6.19 8.51 8.01 9.22 8.15 8.25 8.02 8.48 0.29 5.50 0.58 2.36 3.98 4.00 4.13 4.76 4.25 3.30 4.77 6.10 5.75 1.24 3.15 3.94 4.52 4.68 5.10 5.27 4.96 5.60 5.18 1.47 0.53 2.29 4.66 6.94 6.67 1.95 7.68 0.43 3.40 3.02 3.84 3.12 6.57 5.39 3.86 2.11 1.63 1.67 1.68 1.26 1.83 1.39 1.51 1.07 3.60 3.83 6.83 2.44 1.49 1.53 1.33 1.41 1.38 1.54 2.86 1.94 1.48
8.20 8.85 7.84 6.91 6.97 7.38 8.19 7.39 9.02 8.07 8.70 8.12 3.60 9.34 0.28 9.65 7.03 7.29 3.61 8.23 8.41 8.20 6.83 0.42 5.53 1.75 2.19 3.19 3.84 4.12 3.18 3.13 3.72 2.57 3.71 1.48 4.71 5.36 4.71 4.98 5.17 5.31 5.06 5.21 4.72 2.41 0.27 3.25 3.66 6.10 2.59 7.76 7.36 7.74 4.33 1.74 2.64 0.79 4.48 4.06 2.94 1.08 1.50 1.61 1.53 1.90 1.56 1.34 1.23 2.50 1.58 2.96 1.92 3.70 1.54 2.03 1.37 1.36 1.31 2.57 0.93 1.35 3.03
2.87 4.95 6.43 8.46 9.42 8.02 8.69 8.94 9.37 8.81 9.03 1.30 9.24 8.88 9.52 7.04 8.80 7.05 7.88 6.32 7.51 8.21 5.15 0.37 0.38 1.97 3.35 2.97 3.91 4.52 1.92 3.64 4.06 3.50 3.15 2.12 2.55 4.97 4.92 4.91 4.24 3.93 4.09 4.61 3.86 3.40 1.78 0.28 0.78 2.40 3.10 7.27 7.94 6.19 7.57 5.56 2.80 6.54 1.33 2.77 2.74 1.67 1.56 2.03 2.30 1.77 1.19 1.45 0.45 0.97 2.13 1.64 1.71 3.03 6.30 2.18 1.28 1.44 1.41 1.39 1.06 1.50 1.28
0.35 1.05 3.99 7.62 7.65 8.67 7.57 10.14 7.73 8.73 9.38 8.53 8.08 9.87 8.12 0.51 1.00 7.42 7.72 8.75 0.52 7.31 0.25 7.59 1.94 1.30 3.13 3.66 4.85 4.65 1.61 3.64 2.20 3.46 1.50 3.61 3.66 3.77 4.76 3.53 4.41 3.32 4.47 4.52 4.30 5.13 3.49 0.70 2.16 2.50 6.77 6.58 7.04 8.55 7.42 7.57 7.42 3.35 2.65 2.94 3.03 1.15 1.37 1.24 1.72 2.28 1.48 1.82 3.88 2.75 2.35 6.54 1.26 1.22 4.84 4.35 1.46 1.48 1.26 1.16 1.15 1.33 2.69
1.41 0.40 5.36 7.29 7.89 9.17 8.15 8.78 0.27 6.86 8.85 9.26 8.60 0.28 9.62 9.57 10.10 3.85 8.21 7.48 7.08 6.61 8.23 8.13 1.97 0.51 2.79 3.68 4.81 4.62 1.66 4.46 4.13 3.88 2.84 3.13 4.60 2.85 5.35 4.85 3.94 4.34 4.65 4.84 5.06 4.97 5.87 4.21 0.32 6.79 2.13 3.99 7.15 7.41 8.41 7.90 5.73 2.35 1.53 6.12 6.27 0.71 0.80 1.03 1.36 1.68 1.20 2.03 1.18 2.46 2.50 6.71 4.13 1.07 4.36 2.68 1.70 2.74 1.10 1.04 1.01 3.73 3.08
3.99 3.15 0.96 7.27 5.73 9.20 6.49 8.40 10.86 10.84 8.57 9.53 7.14 8.13 9.47 9.48 8.82 8.30 6.50 7.05 7.25 0.20 6.59 7.33 5.07 3.78 3.00 3.66 4.13 3.05 1.31 4.89 4.48 3.84 3.02 3.19 3.40 3.80 4.97 5.34 3.65 4.15 4.48 4.03 4.44 4.60 5.33 4.55 1.41 4.18 6.38 4.70 8.14 7.44 5.87 6.35 7.36 1.32 0.56 0.43 1.46 0.95 1.09 1.35 1.08 1.06 1.25 1.78 1.15 0.75 0.89 4.58 5.47 0.92 1.06 2.81 5.86 3.41 2.10 1.14 1.36 2.74 1.21
0.60 2.36 0.35 8.21 7.67 8.40 8.65 6.38 8.59 9.33 8.86 1.84 8.32 7.97 8.44 0.43 9.36 7.30 7.08 7.22 0.89 8.01 7.18 4.91 2.86 0.48 3.63 4.03 4.76 3.99 1.75 2.68 3.17 2.90 2.15 3.55 3.09 3.86 5.48 5.03 4.59 4.56 4.29 5.03 4.38 3.71 3.91 3.64 3.95 4.19 6.28 7.31 7.31 8.49 0.24 7.92 8.98 2.80 2.76 0.49 0.49 0.55 1.30 3.54 1.07 1.14 0.62 1.59 0.73 0.94 0.68 3.51 3.98 1.91 2.47 1.25 3.69 7.13 1.28 1.30 2.96 2.19 1.10
3.03 2.28 0.85 4.25 7.71 8.46 7.30 7.86 0.26 8.26 9.43 8.34 7.99 0.72 3.40 8.14 9.33 8.63 7.92 0.55 5.70 5.44 7.43 7.34 6.70 0.45 3.18 3.37 2.72 4.64 4.67 3.98 1.60 3.84 3.61 0.64 2.07 3.69 4.51 4.85 4.78 4.34 3.76 3.97 4.39 3.93 4.45 3.67 4.20 0.98 5.58 0.18 0.18 6.55 7.67 0.48 4.04 8.35 8.00 7.71 0.46 1.18 3.91 5.21 1.27 1.06 0.89 1.08 0.69 0.37 2.95 2.27 3.93 2.10 1.94 1.09 2.57 4.05 2.47 0.83 2.67 3.68 0.86
3.17 0.76 3.09 0.56 3.49 8.09 0.25 8.03 8.13 9.08 9.35 8.48 9.14 7.87 8.25 9.44 8.54 8.10 9.49 9.36 6.96 8.14 8.89 6.28 7.10 3.04 2.99 3.38 3.37 4.72 2.85 2.67 3.43 3.80 4.12 5.16 3.82 4.10 3.86 4.23 4.28 4.65 4.39 4.06 4.26 4.74 4.05 2.97 3.52 3.41 0.57 1.18 6.70 0.31 7.25 7.23 5.22 9.07 8.28 8.07 5.92 4.47 1.86 4.88 6.91 1.14 1.27 0.86 1.19 0.49 0.75 3.08 6.53 3.75 1.96 0.48 0.51 2.46 3.61 2.81 4.50 3.21 1.15
0.27 1.12 4.09 2.70 1.20 9.08 7.24 7.47 8.21 8.46 9.41 8.12 9.70 9.75 9.47 9.02 8.49 0.12 10.00 9.27 9.03 9.02 8.18 7.92 7.33 0.48 1.04 3.23 2.96 4.69 4.93 3.74 1.42 3.64 5.20 5.98 2.19 4.58 3.35 4.07 3.42 4.68 3.71 4.59 4.61 4.39 3.99 2.94 3.13 3.20 0.29 0.25 7.45 6.74 7.67 7.93 0.22 6.92 5.62 8.56 0.31 1.20 2.55 4.92 4.88 1.26 1.13 1.01 0.94 2.22 1.19 0.93 2.93 3.87 1.07 0.98 2.34 2.44 1.96 2.23 2.51 1.87 4.95
0.22 0.77 1.23 3.70 1.05 1.71 2.96 6.95 8.39 9.38 9.61 10.86 9.28 9.01 8.82 9.16 8.91 8.40 8.57 10.04 9.77 9.84 6.48 1.69 5.97 0.61 0.87 1.75 3.84 4.56 4.42 6.11 4.34 3.21 4.42 2.15 1.79 3.59 1.96 3.34 5.33 4.31 4.57 3.98 4.74 3.96 3.82 3.93 3.57 2.45 0.36 3.39 6.29 6.40 8.60 7.52 7.52 1.13 6.39 7.23 7.33 1.66 1.50 2.53 2.80 5.27 4.05 2.27 1.15 1.55 2.03 1.18 1.65 2.19 2.56 1.36 2.29 2.65 4.06 2.85 2.77 1.58 4.72
0.21 0.33 2.59 2.78 1.91 0.93 1.39 0.65 0.78 8.32 8.70 8.46 9.79 9.70 9.19 9.89 10.34 7.41 9.22 9.92 9.74 10.06 8.35 7.21 7.12 0.53 0.28 4.64 3.44 2.93 4.99 4.89 4.93 2.83 4.02 4.19 4.79 1.34 1.69 3.14 4.24 5.43 3.44 4.26 4.49 4.38 4.41 4.00 4.12 3.80 2.95 0.27 5.98 6.44 4.33 5.57 7.42 0.36 8.33 8.19 2.38 0.20 0.38 0.31 1.39 4.06 3.42 1.13 1.09 0.71 0.60 1.20 1.99 1.33 1.39 2.25 2.81 1.29 1.84 2.87 1.64 4.79 4.73
0.47 0.26 2.00 2.91 0.34 5.33 1.63 3.23 6.22 0.92 8.39 9.97 9.45 9.27 9.94 9.72 10.01 9.03 9.42 9.00 9.35 6.93 8.53 8.91 0.54 6.71 0.47 3.46 3.98 4.29 4.87 4.29 5.84 3.95 4.03 4.52 4.04 2.62 2.45 2.55 3.83 4.99 4.66 4.60 5.04 4.95 4.67 2.69 2.76 3.23 4.11 2.10 5.38 6.19 7.15 5.78 5.66 6.34 6.28 6.28 6.11 7.26 0.74 0.51 2.42 4.96 2.67 1.25 1.64 3.30 2.80 1.34 2.58 1.71 1.50 2.15 3.59 1.05 3.53 2.04 0.99 2.41 2.59
1.05 0.82 1.21 2.97 1.76 0.72 3.07 2.38 1.04 2.03 1.57 9.51 9.42 9.51 9.40 9.87 10.17 8.18 9.19 9.63 10.08 8.59 8.02 7.54 7.79 5.53 0.55 3.96 4.33 3.80 3.21 5.57 5.41 4.04 4.61 4.53 4.39 3.11 4.54 1.68 0.90 4.53 5.55 4.14 4.26 4.53 4.04 3.79 3.57 3.91 3.68 3.99 0.29 0.23 1.56 0.22 6.79 7.43 7.95 8.77 8.09 6.89 7.07 3.33 0.68 4.83 3.34 1.45 1.42 2.17 2.90 1.80 2.17 1.94 3.27 1.83 1.22 2.59 1.09 1.51 2.63 3.79 2.05
0.41 3.47 1.32 0.39 2.89 2.09 2.77 3.65 2.93 1.58 7.66 6.95 8.67 8.90 9.95 9.73 9.96 10.58 9.14 8.02 9.69 9.29 8.06 8.14 7.72 0.38 1.16 1.91 3.90 4.29 4.46 3.53 4.33 4.18 4.36 4.45 4.34 2.03 2.34 2.86 3.36 4.51 5.76 4.45 4.62 4.99 4.45 4.90 3.88 2.76 3.49 3.04 0.52 4.76 0.36 7.42 7.75 6.32 8.53 8.09 8.62 5.73 6.88 1.44 1.23 2.35 4.49 5.08 1.71 2.46 2.60 1.61 1.98 2.01 1.09 4.16 1.41 2.68 2.72 2.05 1.19 3.71 0.47
0.35 0.87 1.51 1.96 3.59 4.25 0.97 0.68 0.62 5.25 1.36 8.33 7.40 9.40 9.31 10.51 7.55 10.25 9.80 8.85 9.23 9.35 8.78 8.04 0.52 7.06 5.42 0.40 3.81 4.22 4.87 4.46 5.16 5.70 4.34 4.37 4.32 1.04 1.84 3.28 2.67 3.63 4.66 3.90 5.17 5.13 4.63 0.94 3.42 3.82 3.83 4.21 3.30 0.39 0.24 6.68 6.23 7.30 4.24 7.41 8.39 8.60 7.93 3.46 0.39 0.16 0.53 0.91 5.52 5.10 3.44 2.90 2.31 3.28 3.81 2.95 5.27 4.50 4.05 1.02 0.70 2.59 2.41
2.20 0.68 0.63 1.39 0.83 2.20 0.88 3.59 1.10 4.53 0.74 8.45 6.59 8.40 8.09 10.84 11.06 10.93 9.92 8.51 7.85 8.59 7.03 8.31 7.89 6.28 6.18 0.48 0.75 2.37 4.41 4.93 4.88 4.77 4.47 3.34 3.51 3.88 1.45 2.78 2.41 3.45 5.16 3.60 5.00 4.66 4.11 4.68 4.04 3.86 3.98 3.44 3.76 1.04 5.73 6.65 7.27 6.41 7.74 4.73 8.42 7.12 5.85 6.80 0.76 0.31 1.71 0.88 4.17 1.68 1.91 2.83 2.48 2.87 1.86 2.87 5.79 4.82 1.60 2.39 1.43 2.00 2.15
1.43 1.61 0.97 2.45 0.40 1.12 3.61 4.70 0.62 4.53 1.00 8.48 10.13 9.96 5.17 11.26 11.02 11.35 9.82 9.30 9.24 8.48 8.97 8.16 8.04 8.74 0.48 7.53 0.60 2.12 4.06 4.36 4.17 4.61 4.49 3.47 3.94 3.02 2.15 2.32 3.95 3.57 4.12 4.01 4.24 5.10 4.79 4.42 4.40 4.58 3.27 4.02 3.59 0.72 0.32 5.27 6.73 8.09 7.38 6.35 7.05 6.33 7.35 6.06 7.77 1.19 1.14 0.49 0.49 1.55 3.51 1.30 1.22 2.30 1.42 1.18 8.87 3.38 3.26 1.96 1.78 2.25 2.89
0.98 2.07 2.17 0.65 0.53 0.76 4.33 2.50 2.78 5.41 5.01 1.04 8.76 9.70 9.19 10.40 11.25 10.21 10.08 9.77 9.26 9.43 9.08 9.63 7.82 8.16 8.48 6.67 7.68 0.41 4.35 4.44 3.98 4.18 3.86 3.00 3.28 4.15 2.43 4.37 2.36 1.34 3.61 3.16 3.68 5.57 5.23 5.16 4.65 3.93 4.80 4.28 3.47 3.96 0.28 5.32 5.43 6.18 6.59 5.36 6.93 5.51 5.44 7.47 2.45 0.96 1.77 0.84 5.31 1.21 2.54 2.87 1.64 1.98 1.04 1.92 4.54 2.64 2.66 0.46 2.50 3.46 4.56
3.05 1.85 0.60 0.88 0.48 0.83 0.56 2.85 0.74 1.33 1.26 2.77 1.76 5.58 8.55 8.69 10.62 10.47 11.41 11.07 9.68 8.37 9.74 8.47 8.71 8.80 0.26 8.06 7.31 0.45 0.52 4.87 5.00 4.56 4.39 3.39 1.92 3.76 3.12 4.35 5.28 6.17 2.56 2.22 3.34 3.95 5.07 4.99 4.77 3.51 4.21 4.11 4.77 4.39 3.01 5.37 6.89 3.40 7.72 0.37 6.85 6.47 6.63 5.86 6.82 1.09 6.00 5.78 1.09 0.46 1.03 2.68 1.60 3.98 2.80 0.49 1.41 3.35 1.52 3.84 3.50 5.06 4.84
0.41 2.01 1.34 0.77 0.80 0.57 0.70 2.24 0.78 0.74 0.62 3.18 0.49 1.02 5.38 7.89 10.12 11.88 10.83 10.13 11.35 8.71 8.14 9.76 8.82 8.52 7.32 7.74 8.23 8.27 5.62 0.60 4.36 3.91 3.86 3.30 4.56 3.50 3.57 3.61 3.91 5.91 3.66 1.18 1.56 3.30 4.72 4.61 4.95 4.12 2.79 3.72 4.31 4.98 3.73 0.74 6.40 5.68 8.85 6.25 4.19 6.77 6.64 4.33 7.99 7.84 8.10 6.02 3.85 8.14 1.59 0.25 0.83 0.94 2.53 3.27 1.99 4.04 3.13 2.58 2.23 5.80 6.29
0.80 0.51 0.46 0.70 2.02 2.36 0.53 0.79 0.40 0.45 0.81 1.13 0.71 3.95 1.21 7.18 8.95 10.31 11.66 10.89 11.98 10.02 4.54 9.58 8.97 9.38 8.19 8.47 8.99 7.65 7.97 7.26 2.39 3.60 4.01 3.28 4.54 4.41 4.07 3.53 4.32 4.72 4.19 1.34 3.14 3.66 4.08 4.68 4.68 4.83 4.95 4.48 3.35 3.86 3.72 3.77 0.71 3.65 5.24 0.23 4.49 5.68 5.42 6.81 4.68 6.31 3.57 6.53 7.78 7.68 0.30 1.95 7.79 0.27 3.13 3.33 3.00 3.30 3.18 2.19 4.77 2.62 6.27
2.37 0.59 0.57 0.55 0.77 0.42 2.16 1.34 0.47 0.47 0.54 0.50 0.80 2.83 3.08 3.90 3.03 7.81 8.99 10.23 9.75 9.59 9.08 8.54 8.64 4.89 9.69 10.27 8.35 7.30 6.95 7.14 0.45 3.70 4.72 4.08 4.67 4.06 3.86 4.36 3.73 1.66 5.42 1.50 4.11 3.64 3.96 4.04 4.52 4.54 4.28 3.90 3.64 4.06 3.82 3.90 0.41 5.94 4.24 7.74 7.36 5.78 3.76 5.60 6.65 6.49 9.48 6.74 7.18 7.81 8.80 7.95 8.03 8.40 7.72 0.64 4.34 0.36 3.33 3.78 4.32 2.50 4.68
0.61 0.89 0.82 0.67 1.69 0.43 4.37 0.54 0.42 1.08 0.96 0.69 3.15 1.36 0.89 1.06 3.54 7.44 8.99 9.98 9.67 10.41 8.27 8.41 9.10 9.80 9.78 9.56 8.59 8.51 7.11 2.05 6.71 0.32 3.53 4.54 4.12 4.71 4.60 4.15 3.95 3.84 5.75 3.44 3.76 3.19 2.99 4.28 3.55 3.86 4.28 4.14 3.59 4.02 4.74 4.61 4.92 0.27 7.32 1.44 0.13 6.92 0.67 4.13 5.39 6.58 5.54 2.96 9.02 7.58 8.36 0.09 8.51 7.64 8.28 0.25 2.38 2.74 4.08 3.35 5.54 6.16 1.24
0.40 0.85 2.70 0.78 0.76 0.98 1.69 0.66 0.47 0.32 0.75 1.18 2.53 1.59 1.13 0.77 0.75 6.84 9.15 9.69 9.98 10.17 10.63 9.80 5.82 8.89 3.24 10.27 10.02 7.87 8.24 8.80 9.32 5.61 0.68 3.83 4.48 4.78 4.03 4.51 4.10 4.42 4.12 4.15 2.76 3.35 2.71 4.72 3.36 3.56 2.34 2.12 4.05 4.43 4.93 4.95 4.42 4.16 6.21 9.27 6.92 7.70 5.65 6.23 4.55 6.36 6.56 6.71 8.28 7.21 7.39 7.92 6.78 8.90 8.24 7.49 2.00 4.02 4.41 3.98 7.95 7.74 7.66
3.21 0.76 1.02 0.68 1.35 1.52 1.73 0.51 4.25 2.37 0.35 1.11 3.63 2.15 4.32 0.97 3.97 1.23 7.54 9.16 9.38 10.80 10.32 10.73 11.01 11.24 11.33 10.45 10.65 9.81 8.56 8.75 9.12 9.22 6.91 3.34 4.23 3.95 4.19 3.58 4.56 4.16 4.30 4.85 3.36 5.46 3.16 4.38 1.81 3.51 2.74 3.40 4.40 3.65 3.98 4.43 4.15 4.03 3.93 3.29 6.68 0.16 6.82 6.81 6.63 3.55 6.66 7.15 7.62 9.24 8.00 7.54 7.42 6.91 7.63 7.31 0.83 8.98 9.06 4.18 9.46 10.21 9.18
0.50 0.70 0.73 0.71 1.78 0.61 0.64 0.53 1.38 0.39 0.37 0.75 2.54 1.23 2.84 3.96 4.49 7.37 5.85 10.56 9.80 10.53 10.90 1.64 11.61 11.27 11.32 10.88 10.49 10.39 9.30 9.69 9.61 9.02 9.33 0.79 2.65 4.19 3.74 4.62 4.31 5.09 5.03 3.77 3.34 4.94 3.41 1.12 3.20 1.68 2.71 3.59 4.33 4.50 4.89 4.49 4.11 4.56 4.46 3.25 7.66 7.40 8.06 7.58 8.30 6.31 4.47 2.38 6.75 8.23 8.16 8.48 8.31 8.49 9.05 8.39 8.91 8.15 9.93 9.56 8.19 9.72 9.90
2.01 0.67 0.51 1.21 0.63 0.60 0.46 2.03 0.48 0.31 3.62 0.63 3.64 1.50 1.72 3.26 1.18 1.28 6.89 9.87 11.61 10.83 10.74 10.56 11.78 12.08 11.15 12.01 9.58 9.67 6.60 9.74 9.96 9.18 8.54 7.63 0.48 4.67 4.22 4.41 5.64 4.68 5.17 5.03 3.61 3.58 4.02 4.67 1.15 1.25 4.06 3.35 4.49 4.00 7.59 4.29 4.34 4.06 4.47 3.68 0.34 6.29 7.84 4.04 7.91 5.76 0.78 9.82 7.77 7.96 8.51 8.22 9.32 8.93 6.74 8.25 9.53 9.25 10.01 9.67 8.79 9.37 8.42
0.54 0.93 1.50 2.65 3.07 0.85 1.62 1.14 1.79 0.31 2.88 1.23 1.18 1.63 3.64 0.71 0.65 0.83 0.44 1.19 7.88 11.79 11.04 11.89 11.65 12.51 12.39 12.21 11.83 0.25 9.94 0.29 9.08 8.69 8.88 8.73 7.86 0.72 2.75 4.95 6.41 5.44 5.03 4.63 4.61 3.43 2.58 4.76 3.23 0.70 3.73 4.51 4.55 3.41 4.22 4.39 4.18 4.43 4.44 4.28 4.15 0.35 6.30 6.48 6.56 7.47 7.36 7.58 8.61 6.82 8.23 9.67 9.47 8.44 7.46 7.65 10.04 11.26 9.11 2.38 9.48 8.93 7.21
2.15 0.68 2.50 3.52 1.38 1.47 0.74 0.24 0.49 1.24 0.91 0.19 0.36 3.52 0.39 1.47 2.74 0.91 3.10 0.36 4.04 8.71 9.64 12.08 13.32 12.64 12.63 10.49 10.35 10.70 9.20 8.85 8.39 9.40 9.66 8.94 8.17 7.71 1.83 5.57 5.74 5.22 4.82 1.63 5.06 4.29 3.81 4.39 4.93 3.46 1.02 3.31 4.48 3.93 4.14 3.99 4.46 4.61 4.55 4.32 5.55 2.82 1.63 6.38 5.29 7.79 10.18 7.84 9.64 10.68 9.28 8.77 9.00 7.83 10.60 10.06 10.29 8.81 8.96 9.82 9.10 9.59 8.07
0.98 0.69 3.89 3.80 2.46 0.93 2.52 0.71 0.49 1.20 2.06 0.36 0.24 2.27 0.33 1.44 1.05 0.91 1.09 1.32 0.44 2.99 10.66 1.34 12.14 12.29 11.05 12.49 11.90 11.17 10.64 8.40 0.20 9.17 9.17 1.01 9.15 9.27 0.59 0.75 5.53 5.73 7.18 3.67 3.98 3.84 2.36 3.39 4.33 3.67 0.90 3.04 2.57 3.80 3.84 3.86 4.57 4.32 3.68 3.78 3.75 4.46 0.54 6.00 7.30 6.11 9.05 8.93 9.16 9.75 9.21 9.92 9.02 10.07 9.23 9.98 9.71 8.53 9.79 9.03 8.17 9.24 10.27
1.27 2.88 1.55 3.92 3.25 0.98 0.80 0.65 0.78 0.79 1.57 4.62 2.04 0.49 2.03 0.29 1.21 1.06 1.03 1.05 1.08 1.26 7.96 11.22 11.77 12.52 12.75 11.57 11.28 12.26 9.64 11.59 7.45 8.02 8.39 8.02 8.88 8.88 5.71 9.73 0.90 4.68 3.98 4.09 4.61 3.84 3.44 3.06 4.25 3.30 2.95 2.82 3.78 3.02 3.64 4.27 4.32 4.40 4.48 4.33 3.65 2.38 2.43 3.60 5.46 5.18 5.67 8.26 8.31 9.09 9.26 9.24 2.26 10.45 9.25 10.16 7.14 9.72 8.70 8.76 7.85 8.67 9.67
2.14 3.91 0.79 0.46 2.08 4.16 2.32 2.37 5.58 0.85 0.41 0.43 3.50 0.91 0.55 2.14 2.89 3.02 1.26 3.04 1.47 0.42 4.17 7.40 10.02 11.05 11.08 12.14 10.19 12.44 12.05 10.84 10.88 9.28 9.19 7.46 9.88 9.56 0.47 9.82 0.46 3.51 5.61 4.43 4.83 5.03 3.53 3.13 3.29 4.35 1.14 2.18 2.78 2.47 2.54 3.55 3.54 2.34 3.59 4.27 4.12 3.06 3.64 3.57 3.43 3.66 1.57 7.74 7.73 7.52 8.71 8.96 10.16 9.84 9.21 8.95 0.64 9.30 9.46 8.49 9.13 8.88 10.25
1.51 4.41 0.48 0.49 4.05 4.66 4.35 7.46 7.89 3.72 5.25 1.68 1.18 2.68 3.38 0.36 6.59 5.42 0.15 0.33 0.24 0.31 1.88 5.94 9.27 9.74 11.64 11.02 12.60 11.91 12.47 10.94 10.28 9.74 9.32 9.06 10.26 9.84 0.29 10.81 10.17 0.26 4.50 6.08 5.60 4.08 3.25 3.48 3.51 3.42 2.93 2.28 2.29 0.78 1.93 2.43 2.79 3.87 2.63 3.75 3.27 0.44 3.12 3.70 4.08 4.64 3.32 5.62 5.35 7.63 7.79 10.21 11.19 8.00 9.96 9.80 9.95 7.01 8.85 8.63 9.57 8.75 9.64
4.16 0.60 5.20 8.04 8.02 7.23 6.92 5.65 1.14 1.31 2.81 8.26 7.50 6.84 6.35 6.45 6.59 7.30 6.25 0.80 0.78 0.25 0.57 4.89 6.19 9.52 8.80 10.19 11.56 11.15 12.31 11.77 10.34 12.05 9.69 8.52 10.62 10.18 0.04 11.09 10.70 10.83 0.32 5.17 5.76 4.25 4.22 3.75 4.52 3.81 3.17 2.15 2.99 1.14 2.16 1.76 0.81 3.03 3.37 3.85 0.32 3.51 2.82 2.13 3.11 2.13 2.58 2.70 0.76 6.86 7.19 7.68 10.79 9.50 9.65 9.39 9.69 1.67 9.30 8.54 8.74 9.28 8.99
0.58 5.42 7.46 7.06 7.44 8.03 6.93 8.72 6.71 6.69 6.81 8.34 7.59 6.56 6.17 5.64 7.67 6.74 5.29 3.19 1.18 2.01 2.81 1.13 1.90 11.23 8.80 9.91 12.27 10.60 10.46 12.25 11.90 11.05 11.50 11.18 10.86 10.95 9.92 10.92 11.59 10.97 11.10 0.35 4.70 5.37 4.40 4.31 3.95 4.24 3.61 3.61 2.62 2.64 3.82 1.85 1.97 1.92 3.21 3.92 0.67 3.29 4.03 3.57 3.09 3.77 3.79 3.70 3.99 6.55 6.92 7.75 7.14 11.44 11.22 10.00 9.15 9.51 7.55 9.38 8.45 9.35 9.49
6.82 5.62 7.09 7.56 7.74 6.43 6.55 6.01 6.76 4.99 2.16 5.87 6.69 4.91 5.98 7.28 6.50 7.72 6.95 6.90 1.45 2.71 1.14 5.42 6.82 8.87 10.06 9.27 10.34 12.39 12.13 11.61 12.26 11.89 11.71 11.24 9.57 10.94 10.99 11.10 11.10 12.28 11.26 12.90 11.49 2.17 5.38 4.55 5.69 4.45 4.30 3.20 3.38 3.46 4.89 3.12 3.11 2.80 2.87 0.26 4.28 1.77 3.59 2.74 3.77 3.90 4.49 3.40 2.98 3.42 6.11 7.02 8.42 10.44 10.43 8.66 9.35 8.36 9.69 9.92 10.03 9.13 8.97
