cartolidar/data/other/asc_other/476_4576_2017_Fcc5m.asc
ncols 200 
nrows 200 
xllcenter 476005.000 
yllcenter 4574005.000 
cellsize 10.000 
nodata_value 255 
[rows 110 to 164 of 200, columns 0 to 95 of 200]
38 36 45 59 32 46 30 31 52 20 28 10 33 11 84 42 18 72 32 25 01 01 00 11 24 28 24 31 18 67 70 63 41 41 47 47 61 42 26 57 40 76 71 70 21 00 07 02 11 01 01 00 02 00 07 00 00 00 00 00 01 00 00 00 00 00 02 00 00 02 18 50 52 46 81 90 46 70 70 57 80 35 78 98 76 76 96 92 53 75 10 32 32 55 93 88
37 16 41 45 20 39 12 34 26 17 19 43 47 16 48 38 30 30 22 69 11 05 00 03 21 27 50 61 62 55 60 51 66 51 48 51 55 32 76 34 77 36 70 58 48 54 13 00 01 09 03 01 00 01 00 00 00 00 00 00 00 00 00 00 00 01 00 00 00 00 38 10 76 66 20 93 76 44 84 49 68 82 79 91 98 48 81 77 37 73 23 53 77 93 54 71
11 08 12 00 05 30 25 44 11 04 06 15 26 32 44 24 38 11 50 46 28 11 00 05 33 23 45 38 25 52 41 20 65 51 30 80 42 24 31 81 36 69 73 46 73 40 81 14 01 00 03 07 06 01 00 00 00 00 01 07 00 01 02 04 01 00 00 00 05 01 34 44 36 96 26 33 83 68 62 88 39 56 76 70 66 61 76 55 29 57 53 27 50 63 86 70
11 16 10 12 07 00 10 23 24 34 04 20 17 35 24 23 24 22 35 51 36 20 21 13 43 25 38 39 61 34 25 86 55 05 60 36 32 11 75 55 58 96 50 85 75 37 82 50 90 39 14 00 00 11 15 07 02 00 00 03 00 00 03 02 00 02 01 00 01 00 03 13 72 52 31 70 54 93 71 39 75 30 64 84 24 68 70 65 68 48 00 14 80 89 85 35
01 16 05 06 11 02 07 02 14 15 12 07 22 22 16 42 11 36 48 47 48 25 32 21 12 52 29 32 44 11 41 48 40 58 38 26 18 68 35 67 47 100 51 87 48 65 82 44 78 68 88 49 16 05 01 01 00 00 06 14 02 00 00 09 05 01 02 00 01 00 01 05 15 60 73 94 63 28 72 52 81 91 35 34 82 60 87 68 17 81 47 33 93 95 55 64
00 03 12 05 06 04 03 00 01 05 08 13 13 05 16 21 20 57 51 07 21 22 19 16 23 11 37 36 20 51 83 31 67 75 35 20 68 90 44 97 49 79 48 89 40 79 85 50 64 51 87 45 78 61 20 01 00 01 01 03 03 00 00 00 01 02 02 07 00 00 00 00 18 52 80 62 82 43 84 88 56 66 58 73 82 68 65 66 50 32 42 94 76 39 61 62
00 00 02 04 04 00 00 00 00 00 00 00 02 01 05 19 11 41 47 17 34 15 61 26 34 21 32 21 40 75 20 37 38 23 52 39 54 52 87 54 68 27 62 85 33 76 61 40 47 56 30 68 76 69 91 49 15 00 00 02 02 05 00 06 06 03 04 10 08 01 00 00 00 11 78 79 48 45 37 60 82 30 68 89 89 85 54 88 55 64 89 85 40 98 60 44
00 00 07 00 00 00 00 00 00 00 01 03 00 00 00 00 00 28 42 29 43 23 31 33 37 41 10 45 48 32 22 60 31 28 24 87 48 64 81 38 44 35 82 72 24 86 48 53 57 40 25 77 40 94 81 61 90 29 00 00 00 00 00 00 04 27 29 17 32 22 00 00 00 00 16 84 45 50 68 50 53 57 82 91 60 96 63 54 93 82 64 53 89 33 30 56
25 00 00 00 00 00 02 00 00 00 01 00 00 00 00 00 00 11 18 18 22 30 31 40 09 28 27 53 46 40 44 33 23 58 29 81 88 29 69 50 89 82 38 43 29 80 48 60 61 62 45 76 58 76 82 52 86 24 78 19 00 06 03 00 00 03 10 25 29 18 05 00 00 00 00 40 67 48 44 58 47 97 84 59 76 60 32 74 77 20 93 75 18 66 63 41
16 00 00 00 00 00 00 00 00 00 00 00 00 00 00 00 00 00 11 08 81 15 24 30 19 43 43 46 29 15 19 17 62 43 30 89 96 55 66 71 50 94 53 34 39 85 31 63 34 89 27 98 42 75 81 95 61 61 78 42 27 00 00 01 00 00 00 08 17 07 00 00 00 00 00 01 25 87 64 22 85 77 59 94 60 47 95 76 42 50 41 44 76 31 43 87
00 00 00 14 00 00 00 00 00 00 00 00 00 00 00 00 00 00 00 10 18 07 00 13 20 56 30 11 47 49 10 53 64 86 23 45 83 50 43 82 56 98 43 60 34 87 52 84 34 67 19 68 33 86 56 74 42 73 68 84 77 07 03 17 04 00 00 01 16 14 02 00 00 00 00 00 01 26 61 52 36 81 75 40 89 98 87 72 92 88 52 83 67 50 00 44
00 00 00 00 00 00 00 00 00 00 00 00 00 00 00 00 00 00 00 04 00 07 02 40 40 50 22 66 58 31 40 50 20 40 88 62 73 56 50 51 80 55 42 81 59 73 64 82 38 82 51 83 25 84 58 60 64 81 38 87 45 50 02 02 01 00 00 14 09 06 02 00 00 00 00 00 00 00 50 36 37 83 44 53 90 56 86 79 77 70 75 67 64 48 00 05
00 00 00 00 00 00 00 00 00 00 00 00 00 00 00 00 00 00 00 00 00 00 02 02 06 14 49 36 10 38 27 66 82 26 50 80 40 37 72 08 74 56 68 79 41 58 30 72 37 84 53 55 47 80 33 69 75 67 76 27 77 84 56 00 00 03 00 01 01 00 00 00 00 00 00 00 00 00 05 43 87 61 86 85 71 69 79 72 40 77 72 29 86 64 23 00
00 00 00 00 00 00 00 00 00 00 00 00 00 00 00 00 00 00 00 00 19 31 45 67 14 45 11 12 26 15 41 33 25 71 25 24 52 85 26 52 55 82 41 79 42 96 41 96 34 68 51 44 38 50 73 30 89 76 49 92 64 43 82 54 00 00 00 00 08 00 01 00 00 00 00 00 00 00 00 00 14 50 95 33 62 85 39 27 55 76 57 76 26 41 80 10
00 00 00 06 00 00 00 00 00 01 00 00 00 00 00 00 00 00 00 54 51 78 64 25 67 50 29 36 25 13 56 86 52 60 30 03 01 46 82 42 15 67 68 59 48 69 29 77 58 63 79 46 69 71 53 59 82 42 91 86 27 91 47 34 84 02 00 01 00 00 00 00 00 00 00 00 00 00 00 00 03 33 54 97 79 31 45 58 66 78 88 55 46 62 57 17
00 00 00 00 15 07 00 00 00 00 02 00 00 00 00 00 00 00 02 22 80 46 40 45 74 24 46 30 02 08 20 38 55 72 65 64 34 57 52 72 40 38 71 37 39 69 63 100 33 61 78 44 95 72 69 54 37 57 53 45 84 81 61 52 48 31 08 00 01 03 01 00 00 00 00 00 00 00 00 00 00 00 12 75 52 55 98 66 36 84 76 56 62 83 60 54
00 00 00 00 00 00 00 00 00 08 00 00 00 00 00 00 00 00 01 13 65 26 29 25 25 13 15 22 06 05 19 64 45 55 38 40 46 79 62 29 65 43 50 90 28 68 31 87 24 32 91 44 82 33 45 63 90 68 52 66 55 73 79 73 30 32 21 25 00 04 00 07 02 05 00 00 00 00 00 00 00 00 05 21 46 73 48 54 75 91 60 75 80 29 78 61
00 00 00 00 00 00 00 00 01 13 12 05 01 00 00 00 00 00 00 00 01 18 11 14 15 64 37 27 34 10 11 17 31 88 54 66 35 34 56 52 02 64 88 43 43 68 27 73 38 50 80 45 82 56 60 91 60 76 75 58 59 95 57 66 55 48 10 53 00 00 00 01 07 07 00 00 00 00 00 00 00 01 00 06 20 32 21 57 60 53 51 61 51 53 43 44
00 00 00 00 00 00 00 00 00 00 00 00 00 00 00 00 00 13 08 16 41 36 48 32 48 35 66 38 46 28 42 27 68 13 28 54 74 76 68 21 20 23 68 51 44 32 36 61 41 36 94 44 50 51 67 45 52 87 37 45 81 69 78 96 63 41 65 51 17 00 00 00 05 16 00 00 00 00 00 00 00 00 00 00 07 16 22 50 44 64 80 40 41 84 55 71
00 00 00 00 00 00 00 00 00 00 00 00 00 00 02 25 24 80 59 43 71 31 54 21 61 43 38 37 43 31 65 22 32 35 55 32 26 14 32 81 84 67 66 21 39 32 04 27 56 24 98 30 57 92 53 60 86 43 76 78 24 77 87 44 84 85 62 81 29 22 35 01 13 19 12 00 00 00 00 00 00 00 00 00 00 01 17 50 77 81 22 50 52 64 32 28
00 00 00 00 00 05 01 04 00 05 00 00 00 03 34 68 83 25 71 43 53 44 33 69 35 53 25 70 32 75 37 28 43 34 47 43 31 17 44 30 32 43 68 39 26 65 07 39 30 27 45 32 87 15 69 86 25 64 71 28 72 70 35 76 89 64 74 59 41 58 72 49 03 03 00 00 00 00 00 00 00 00 00 00 00 00 00 18 47 56 54 49 70 30 08 24
00 00 00 00 00 07 00 00 00 06 00 00 00 19 58 52 91 43 30 63 37 76 29 40 53 39 27 40 22 62 54 19 25 38 20 31 24 04 44 75 81 45 27 22 04 52 54 04 19 24 36 75 61 71 67 52 72 78 23 09 86 48 61 90 44 84 83 67 66 74 24 64 50 00 00 00 00 00 00 00 00 00 00 00 00 00 00 03 12 58 51 23 43 09 24 20
11 02 00 00 00 00 00 03 00 00 25 29 67 63 25 53 36 92 24 65 47 29 67 26 68 26 31 40 52 43 61 35 55 73 40 61 21 05 28 28 40 63 67 73 47 02 09 08 35 74 53 09 49 72 30 87 82 12 97 74 50 78 46 55 66 80 64 65 70 37 65 79 63 03 00 00 00 00 00 00 00 00 00 00 00 00 00 00 00 16 03 28 14 32 31 37
53 34 00 00 00 00 04 33 78 45 53 80 55 87 56 54 41 94 70 36 61 28 47 71 28 65 34 58 50 41 43 48 44 25 69 51 18 50 53 55 42 34 28 28 32 00 11 38 39 78 71 52 52 23 64 85 22 25 52 58 73 88 29 70 79 58 70 64 53 68 80 44 65 67 24 00 00 00 00 00 00 00 00 00 00 00 00 02 00 10 00 06 23 32 44 21
51 62 55 38 30 33 71 73 27 77 51 87 53 88 65 40 56 34 91 43 35 62 30 75 52 47 76 39 63 30 66 41 70 32 74 36 58 29 47 37 35 44 83 74 72 66 48 34 63 89 42 70 50 61 58 32 64 28 67 81 71 53 79 79 52 55 61 40 68 61 47 71 55 24 69 00 00 00 00 00 00 00 00 00 00 00 00 03 00 00 00 17 14 00 10 05
31 68 53 97 41 82 48 82 20 75 34 64 68 21 96 23 71 30 56 94 30 54 55 31 69 35 72 15 55 27 23 18 48 30 66 35 59 34 07 50 39 54 42 30 33 35 52 37 83 84 54 81 42 58 88 58 28 43 91 56 37 81 35 33 69 47 35 77 69 50 95 58 44 70 69 32 00 00 00 00 00 00 00 00 00 00 00 00 01 28 60 35 31 19 25 46
43 87 48 84 47 60 52 76 65 39 84 34 70 37 87 60 12 67 03 51 71 21 65 25 50 33 44 75 40 67 31 22 75 13 60 22 55 19 50 36 30 95 66 86 55 44 76 15 73 79 36 68 39 50 56 92 27 58 13 54 81 48 45 88 48 53 90 36 42 65 73 81 93 58 36 36 00 00 00 00 00 00 00 00 00 00 00 00 08 57 61 75 71 43 77 09
32 75 48 51 68 32 70 40 83 33 42 66 58 91 36 69 32 84 65 40 64 54 36 64 45 96 25 72 32 46 38 25 55 35 79 30 42 40 40 22 52 12 42 44 67 44 46 28 55 53 55 74 48 67 48 54 54 65 44 50 50 73 66 42 84 55 45 69 70 60 61 65 41 30 68 35 00 00 00 00 00 00 00 00 00 00 00 00 18 29 14 63 71 38 61 14
36 05 52 24 63 52 38 51 43 86 38 89 42 65 34 36 87 26 76 18 36 54 27 62 31 40 61 30 46 21 23 16 70 47 64 52 40 58 30 62 33 55 50 71 66 50 69 59 27 71 21 67 37 71 63 53 80 40 17 50 42 33 51 76 81 18 58 67 20 83 82 42 42 56 65 63 01 00 00 00 00 00 00 00 00 00 04 01 04 21 17 13 22 69 36 37
16 39 52 43 55 64 19 50 47 43 43 22 89 12 81 49 76 41 69 55 46 75 57 23 47 10 49 32 31 30 35 22 40 50 62 72 20 68 36 66 39 22 32 06 20 69 57 46 49 55 59 80 24 61 37 52 26 43 54 50 90 65 46 40 60 59 62 15 53 62 47 78 68 36 42 24 00 00 00 00 00 00 00 00 00 00 34 25 14 06 31 13 23 81 55 66
20 08 06 45 49 50 74 36 52 29 64 44 67 48 70 80 26 70 50 86 85 48 40 32 66 55 15 47 26 56 18 14 44 70 30 31 70 48 69 48 71 56 63 28 26 76 59 34 23 66 13 37 24 44 43 37 37 88 61 56 64 89 65 55 33 20 28 57 52 27 46 28 54 58 35 13 04 00 00 00 00 00 00 00 00 00 07 90 00 11 28 28 36 05 27 65
52 00 00 13 82 31 55 57 42 63 54 34 57 81 49 85 78 50 42 26 90 33 59 75 12 65 29 31 23 20 41 25 12 58 32 26 67 46 83 36 72 66 71 68 42 35 02 32 39 67 68 44 14 55 48 60 33 40 50 85 30 63 49 62 63 36 03 05 14 20 61 33 32 34 73 05 00 00 00 00 00 00 00 00 00 01 03 85 32 00 10 29 48 35 55 07
35 00 00 02 36 79 39 65 53 41 29 50 40 91 62 35 95 59 48 17 48 69 20 58 48 22 52 20 10 21 22 23 14 80 43 50 52 57 64 23 46 41 75 31 52 54 26 14 31 37 43 61 29 51 69 78 61 33 35 60 39 44 79 54 60 40 50 34 62 24 32 57 58 30 28 00 00 00 00 00 00 00 00 00 05 00 00 44 34 28 07 29 26 02 00 28
08 00 00 22 37 48 57 33 67 73 28 34 60 27 65 55 73 42 46 79 44 52 10 04 11 16 38 28 00 00 01 16 01 36 21 77 31 52 55 31 45 48 59 32 63 18 23 18 82 16 48 54 33 49 46 50 43 70 43 20 45 40 50 37 54 40 02 07 28 68 17 51 24 00 39 00 00 00 00 00 00 00 00 03 00 00 00 42 46 46 06 14 13 28 46 29
00 00 00 50 27 32 33 47 37 50 73 64 35 32 61 81 75 56 83 35 53 34 16 14 41 44 24 13 00 00 00 53 10 35 33 28 43 41 74 32 74 35 58 35 45 20 27 26 37 37 33 17 28 26 61 55 36 50 40 72 30 41 31 39 41 52 25 70 53 48 36 10 15 42 17 00 00 00 00 00 00 00 00 00 00 00 00 10 80 29 03 04 16 13 38 40
00 00 03 26 00 27 13 13 81 74 52 34 48 44 36 70 60 63 76 61 24 42 57 56 18 35 00 00 00 00 02 53 03 11 19 12 51 80 50 35 06 14 23 50 38 03 04 06 30 32 56 11 66 82 56 44 53 30 47 58 50 63 35 64 15 62 38 81 50 29 10 07 17 27 33 11 00 00 00 00 00 00 00 00 00 00 00 02 32 16 00 00 00 00 33 80
00 00 06 22 17 60 25 38 28 45 47 36 67 63 20 31 88 41 51 56 68 48 24 56 09 11 00 00 00 00 00 11 00 00 00 03 54 41 24 18 13 06 50 39 02 00 00 10 00 05 27 21 50 53 55 31 30 43 43 27 39 15 43 78 26 76 56 50 75 27 17 27 54 34 15 13 00 00 00 00 00 00 00 00 01 00 04 00 08 38 34 24 00 13 41 22
00 00 08 46 09 43 52 69 64 75 71 13 25 48 84 65 46 56 49 36 30 56 65 43 06 03 00 00 00 00 00 00 05 11 00 00 14 26 34 20 13 00 60 47 28 25 36 41 07 08 03 17 33 77 57 58 70 40 37 25 32 21 07 34 39 49 22 19 62 22 42 18 43 57 16 07 00 00 00 00 00 00 00 00 00 00 05 07 00 00 01 02 00 15 12 47
00 00 05 25 33 65 27 17 38 34 50 43 55 53 51 43 50 33 14 86 65 37 43 39 14 00 00 00 00 00 00 00 13 09 00 00 04 50 37 07 20 04 26 59 14 23 28 22 13 00 00 09 11 27 36 55 41 41 33 60 65 78 34 00 03 00 04 28 17 37 30 30 43 60 06 06 00 00 00 00 00 00 00 00 00 00 03 00 00 00 00 00 00 00 00 35
00 00 04 23 56 37 17 64 74 67 33 34 49 60 65 79 79 38 29 41 67 67 59 15 15 00 00 00 00 00 00 07 00 10 00 00 00 18 00 00 10 15 47 32 14 00 01 37 30 00 00 00 00 14 43 70 52 12 17 19 15 17 44 00 00 12 46 32 42 28 20 87 29 42 05 00 00 00 00 00 00 00 00 00 00 00 00 04 01 00 00 00 00 00 00 04
00 00 76 62 48 42 38 53 68 72 75 57 78 59 36 53 38 77 76 53 53 27 42 25 37 00 00 00 00 00 00 00 00 06 00 00 00 61 09 00 00 00 21 30 13 30 16 36 42 00 00 00 07 57 41 72 10 23 59 42 50 02 05 25 00 00 01 00 08 33 23 60 68 34 00 00 00 00 00 00 00 00 00 00 00 01 00 00 04 00 00 01 00 00 00 05
00 00 14 23 35 36 25 41 29 02 26 51 24 62 64 53 67 28 12 34 39 43 38 26 29 00 00 00 00 00 00 10 00 00 00 00 01 14 38 11 00 15 34 55 76 53 28 50 02 00 00 00 08 25 09 15 06 42 08 08 58 08 26 80 01 01 00 00 00 13 44 57 26 06 00 00 00 00 00 00 00 00 00 00 00 00 00 00 00 01 00 00 00 01 00 06
00 00 22 39 43 62 56 58 09 16 10 29 15 05 42 46 42 47 60 77 82 75 43 33 01 00 00 00 00 00 00 00 00 00 00 00 00 34 25 03 07 30 05 02 79 57 59 44 09 00 00 00 18 15 46 43 44 39 37 37 18 12 20 64 08 12 25 21 19 04 13 23 19 19 00 00 01 00 03 00 00 00 00 03 08 00 00 11 03 30 12 00 03 00 00 06
03 00 00 23 34 40 23 04 17 12 09 46 08 17 35 22 40 41 36 26 36 39 49 61 03 00 00 00 00 00 00 00 00 00 00 00 00 37 29 00 27 53 00 00 20 20 73 17 15 36 00 00 00 24 28 73 54 25 20 24 27 59 44 37 15 23 41 37 47 25 45 33 17 25 00 00 02 00 00 00 07 03 17 15 00 05 05 03 00 06 00 00 11 01 00 00
00 00 19 39 04 18 35 46 39 06 00 33 30 09 04 16 32 15 75 18 54 52 69 70 08 00 00 00 00 00 00 00 00 00 00 00 00 21 56 13 34 40 00 00 00 00 00 00 19 51 00 00 34 26 26 25 44 100 25 18 57 41 35 40 85 30 00 15 17 37 34 28 06 00 34 01 00 00 03 14 18 00 07 00 00 00 00 00 00 00 00 09 00 00 48 16
11 00 01 09 18 38 67 56 30 00 00 12 68 44 28 05 06 22 46 20 34 15 13 28 18 00 00 00 00 00 00 00 00 00 00 00 00 00 34 04 30 51 08 03 04 01 06 06 34 36 32 12 63 23 56 62 42 72 78 52 17 75 41 36 52 38 00 20 44 69 33 33 37 17 82 38 05 00 00 02 02 00 00 00 00 00 00 00 00 00 00 00 00 00 01 04
27 08 12 47 47 25 24 21 21 72 20 34 38 13 58 10 00 10 79 57 37 34 14 00 41 00 00 00 00 00 00 00 00 00 00 00 00 03 34 13 01 12 33 45 15 03 21 07 18 02 20 01 38 56 31 59 72 28 60 62 47 49 63 73 19 13 06 13 30 07 34 53 54 47 28 24 02 13 04 00 00 00 00 00 00 00 00 00 00 00 00 00 00 09 00 00
43 56 61 16 17 32 27 52 66 64 37 68 12 54 82 11 21 11 32 34 27 39 18 03 10 00 00 00 00 00 00 00 00 00 00 00 00 00 24 28 00 00 17 21 16 09 27 26 04 02 03 00 23 59 68 18 68 67 34 47 91 46 38 77 51 19 06 03 19 16 20 67 62 42 37 23 17 12 29 00 00 00 00 00 00 00 00 00 00 00 00 00 00 20 20 00
24 60 32 36 23 47 57 64 26 20 76 42 68 60 34 16 85 35 40 29 13 13 36 22 00 00 00 00 00 00 00 00 00 00 00 00 00 00 01 10 00 05 02 09 25 10 37 33 15 23 09 05 00 44 80 85 22 41 51 40 38 83 52 21 27 52 40 15 33 41 46 57 44 27 33 38 43 37 45 03 43 19 00 00 00 00 00 00 00 00 00 00 00 00 00 00
20 09 70 52 57 56 46 32 57 56 81 44 33 40 17 29 66 50 10 39 52 12 04 10 00 00 00 00 00 00 00 00 00 00 00 00 00 00 00 39 08 04 08 09 31 63 50 14 12 09 44 20 71 34 26 63 77 13 43 72 59 28 81 40 80 38 86 25 65 44 66 51 28 39 24 57 25 43 41 33 24 58 32 01 06 00 00 00 00 00 00 00 00 00 00 00
40 10 36 54 27 21 50 62 45 57 36 42 67 26 12 29 28 57 70 05 15 00 16 11 00 00 02 00 00 00 00 00 00 00 00 00 00 00 00 15 05 00 05 00 03 35 54 33 35 15 33 67 26 71 80 28 31 62 21 24 91 62 27 39 78 54 18 07 00 30 24 34 42 21 30 35 51 14 00 38 32 60 32 37 43 02 00 00 00 01 00 01 02 00 00 00
46 64 12 26 30 61 47 27 28 31 52 78 50 55 24 53 37 10 80 58 28 14 32 39 06 00 00 00 00 00 00 00 00 00 03 04 00 00 00 00 00 13 00 00 00 07 20 22 10 20 18 40 73 24 37 40 06 09 29 14 25 27 28 54 50 26 24 00 00 03 85 32 49 23 19 29 06 00 00 04 00 23 25 31 46 41 12 00 07 00 02 00 00 00 00 00
25 16 36 15 62 15 60 15 42 57 06 43 40 65 22 45 57 43 28 56 31 26 51 43 09 00 04 00 00 00 00 00 00 00 01 11 00 00 00 00 08 16 00 00 00 03 04 09 02 00 07 10 29 07 06 00 02 13 22 01 00 07 10 68 69 20 11 18 00 17 28 16 03 00 00 00 00 00 00 00 06 23 21 28 25 30 43 08 00 01 01 00 00 00 00 05
29 75 07 02 37 15 42 75 67 31 23 03 32 58 05 73 52 27 55 75 24 11 00 07 00 00 00 00 00 00 00 00 00 00 00 00 00 00 00 00 00 00 00 00 00 04 35 47 28 06 29 27 00 05 00 10 68 31 75 48 04 16 19 23 15 01 27 02 22 00 00 00 19 04 00 00 00 00 00 01 04 20 18 30 21 71 65 19 08 00 00 00 00 00 00 01
41 36 17 00 63 49 69 87 23 42 08 33 20 20 14 21 57 69 53 20 45 18 00 06 02 12 00 00 00 00 00 00 00 00 00 00 00 00 00 00 00 00 00 00 00 00 18 21 19 67 29 16 02 34 17 43 71 19 39 38 02 46 48 00 00 00 00 00 00 00 00 17 77 31 00 00 00 01 05 00 02 04 50 45 32 18 21 28 22 00 00 00 00 00 00 00
