cartolidar/data/other/asc_other/476_4576_2017_Alt95.asc
ncols 200 
nrows 200 
xllcenter 476005.000 
yllcenter 4574005.000 
cellsize 10.000 
nodata_value -9999 
[rows 0 to 36 of 200, columns 0 to 82 of 200]
0.29 7.23 0.28 0.24 7.77 8.60 0.37 10.85 7.24 2.78 8.35 9.58 3.44 3.18 8.56 8.54 2.87 5.18 7.58 6.84 9.30 13.94 13.00 10.14 14.80 11.80 11.94 12.10 12.06 12.45 2.40 13.27 9.75 -9999 4.05 5.61 13.76 13.48 2.74 0.88 0.52 0.80 0.11 -9999 6.74 9.54 3.39 4.54 12.10 12.93 12.57 9.44 8.17 -9999 10.24 7.74 3.57 14.59 -9999 -9999 6.54 3.14 1.78 1.75 1.63 1.74 1.96 3.72 3.19 3.28 2.07 1.61 1.55 2.51 1.96 2.22 1.92 1.75 2.05 0.22 0.23 0.38 2.57
0.27 5.83 0.27 0.26 1.98 3.24 1.38 9.24 11.56 2.46 1.59 7.78 3.34 8.63 8.72 5.06 8.16 4.46 21.69 2.39 8.99 5.99 10.96 1.30 11.43 8.20 2.26 6.52 13.54 11.09 11.28 12.75 5.79 -9999 -9999 3.06 11.48 -9999 -9999 0.35 3.43 -9999 4.77 5.31 0.22 4.21 8.00 4.84 11.16 13.25 11.97 8.04 7.03 -9999 -9999 -9999 7.46 -9999 -9999 -9999 0.77 -9999 1.39 2.16 4.49 11.01 11.40 12.41 8.79 3.21 1.65 1.50 0.41 1.38 1.87 0.46 0.70 1.51 1.32 1.98 1.42 0.36 0.15
0.29 3.67 0.37 0.22 1.73 5.33 3.72 4.64 14.10 5.30 7.58 9.60 5.25 9.57 9.70 11.26 8.96 5.01 9.10 7.78 7.11 8.78 9.09 7.91 12.62 14.19 10.52 7.74 15.64 -9999 -9999 0.64 3.85 3.22 2.78 4.46 -9999 -9999 -9999 0.30 -9999 -9999 -9999 -9999 3.56 1.05 12.32 4.30 8.54 9.87 7.71 7.83 5.72 3.07 -9999 8.38 6.47 7.69 13.20 -9999 -9999 -9999 7.55 10.41 12.96 12.92 11.23 12.63 7.09 0.21 0.52 0.89 1.36 1.85 0.15 0.17 0.21 1.52 1.36 1.06 2.94 1.23 1.36
0.27 5.05 5.89 5.41 5.79 7.23 5.59 3.81 11.46 7.40 11.25 8.05 10.97 16.21 6.95 11.97 10.19 5.13 1.77 1.69 5.51 2.56 2.03 11.13 14.40 12.79 10.03 8.26 9.92 15.07 11.96 5.22 6.51 3.38 2.83 1.40 -9999 -9999 -9999 8.43 -9999 -9999 0.44 -9999 3.76 2.96 3.19 4.28 1.84 5.55 7.85 8.15 8.91 13.09 4.16 6.60 5.63 -9999 -9999 4.52 7.39 7.02 11.34 9.55 8.89 9.49 9.34 11.36 0.20 0.19 0.48 2.19 2.30 0.25 1.42 0.21 1.79 0.57 1.67 0.28 0.27 1.72 2.27
2.56 3.90 2.11 8.87 7.63 6.67 7.21 10.39 9.36 10.26 10.94 12.98 11.57 14.07 15.64 9.84 7.22 4.06 0.42 0.60 2.38 6.63 10.39 16.51 13.10 8.90 9.91 11.93 6.85 15.77 12.74 2.60 6.80 1.61 3.68 2.25 7.18 4.52 -9999 4.51 0.50 2.17 2.73 -9999 -9999 2.15 0.45 3.93 10.25 10.24 2.55 3.17 9.64 12.59 6.54 4.83 4.66 -9999 7.03 6.78 -9999 7.67 3.71 9.93 12.24 6.92 2.34 0.66 0.93 0.21 0.28 0.32 0.35 0.39 0.21 1.25 1.44 1.38 1.23 1.55 1.51 1.39 0.25
4.30 9.86 7.26 7.66 10.36 0.31 6.20 6.70 9.75 9.50 11.40 10.72 12.02 8.73 10.04 14.07 12.93 6.57 6.88 1.05 1.86 7.29 14.33 13.47 13.47 2.53 5.32 10.18 10.58 3.38 2.01 2.70 12.49 12.33 3.61 1.23 3.91 0.21 2.92 -9999 -9999 0.82 6.42 4.66 4.92 3.28 4.43 2.69 3.82 14.86 11.26 9.64 3.16 9.87 8.96 1.32 6.81 -9999 10.28 11.12 2.41 4.16 6.45 13.82 14.06 10.80 10.07 1.69 3.72 5.62 0.16 0.36 1.15 2.27 1.83 0.30 1.20 1.92 1.33 1.43 1.94 1.27 2.85
2.49 6.97 4.89 8.85 9.56 0.35 6.07 7.20 4.17 4.54 8.89 9.34 10.82 9.97 8.55 9.89 8.85 0.47 4.81 5.95 8.48 8.44 5.39 13.35 13.08 6.90 10.79 11.15 9.65 2.96 4.00 -9999 -9999 11.22 -9999 -9999 -9999 3.22 4.26 -9999 -9999 8.41 9.79 11.20 14.42 21.11 17.87 1.94 12.12 12.52 14.76 8.71 5.39 6.68 4.72 6.36 4.20 5.18 11.80 10.23 5.62 9.69 9.68 8.59 6.53 14.56 12.89 11.18 11.76 12.23 4.81 0.27 1.47 2.72 2.05 0.21 1.35 1.64 0.23 0.64 1.49 1.69 0.18
3.23 3.23 3.43 2.17 2.80 0.36 8.61 5.86 5.09 8.87 7.63 8.70 11.23 9.14 10.79 10.49 5.46 5.43 -9999 -9999 3.67 2.53 3.63 4.66 5.40 -9999 -9999 4.63 1.57 5.52 0.17 -9999 -9999 2.62 -9999 -9999 -9999 -9999 -9999 5.14 -9999 8.70 9.66 12.42 14.46 17.00 15.56 15.71 0.36 12.22 10.25 8.53 4.57 6.06 4.51 6.88 7.97 9.15 8.84 6.30 5.43 7.20 7.56 5.27 5.64 6.94 10.30 11.44 11.36 14.31 19.04 28.86 26.83 4.46 6.34 1.45 1.43 1.72 1.31 0.16 0.59 2.46 3.13
2.93 3.54 4.53 0.29 8.81 1.89 11.13 6.14 5.39 3.27 0.47 2.00 10.41 8.17 6.59 3.87 8.95 3.16 3.36 3.02 2.66 1.87 5.51 3.67 2.23 2.08 -9999 6.90 8.51 9.00 5.81 3.37 2.51 1.99 5.02 3.11 13.68 3.42 5.11 7.79 2.60 7.20 5.51 15.04 10.42 9.54 20.25 19.22 22.06 17.77 3.47 12.75 4.65 3.24 4.88 6.02 14.17 7.99 4.97 5.18 8.79 20.93 23.66 24.02 20.79 14.57 13.33 9.80 3.22 1.58 31.30 31.68 31.16 13.77 6.54 4.04 1.87 1.53 1.39 1.65 1.94 3.12 2.54
3.39 3.89 4.04 9.44 10.39 6.26 11.46 3.19 4.54 7.65 12.43 8.67 8.26 10.03 3.82 6.02 5.27 3.37 6.87 4.43 -9999 4.29 2.74 4.42 4.27 2.46 3.68 3.36 3.79 7.10 2.50 0.78 0.80 2.61 1.59 2.33 3.28 8.44 4.26 7.51 4.52 7.78 10.87 14.64 14.42 14.86 10.53 13.97 18.78 26.99 1.04 5.53 6.10 6.55 4.43 -9999 8.72 2.54 7.31 5.70 11.36 23.72 24.65 25.07 25.02 14.07 14.09 13.78 3.48 25.59 31.55 31.20 31.83 31.47 8.81 9.55 15.04 8.19 1.65 4.28 2.58 3.67 2.52
5.70 3.50 3.08 3.99 0.30 10.18 9.70 9.53 11.57 10.09 10.93 8.79 3.83 1.76 2.82 1.59 0.91 4.34 4.32 4.59 -9999 0.22 0.14 1.83 5.16 2.58 3.26 -9999 -9999 2.69 1.16 3.28 -9999 -9999 3.53 3.59 2.56 5.43 -9999 -9999 5.93 4.19 8.80 8.06 16.50 22.64 16.98 10.13 14.55 22.86 16.56 0.23 4.06 3.39 19.05 -9999 -9999 6.15 6.64 6.86 11.07 21.47 23.57 23.16 -9999 -9999 16.03 16.86 12.05 23.54 30.43 28.52 30.09 29.70 4.48 8.94 15.37 9.68 13.72 7.12 4.80 4.04 1.82
3.48 3.60 1.92 3.84 0.29 8.90 7.29 3.33 4.93 1.27 7.44 7.74 5.90 1.41 7.63 4.30 1.17 4.90 4.15 0.68 2.91 0.59 1.74 -9999 -9999 1.62 1.20 -9999 -9999 2.66 4.62 3.45 -9999 -9999 3.03 3.32 3.67 1.56 -9999 -9999 3.01 1.47 1.39 9.62 23.48 26.94 16.45 10.10 12.76 8.61 13.50 3.92 3.74 0.20 22.71 20.73 9.99 9.50 10.03 4.96 3.15 2.48 1.92 2.32 1.54 2.48 4.45 12.63 10.48 12.27 14.93 28.65 25.72 24.75 11.91 14.46 5.18 1.40 12.47 10.64 10.91 15.31 7.74
0.41 2.85 2.67 5.24 1.22 4.80 3.28 0.38 2.03 4.73 9.30 5.93 1.29 3.57 2.78 4.09 1.12 2.71 2.00 0.69 3.05 1.26 0.60 0.73 2.12 2.78 4.99 3.78 3.24 2.41 1.93 2.80 2.75 2.12 4.61 3.50 3.33 4.19 3.72 3.56 2.04 1.41 2.20 20.59 23.37 25.16 19.07 7.55 6.45 6.07 3.57 3.14 3.60 3.23 4.28 4.29 3.64 6.49 7.52 6.77 16.89 2.09 0.27 0.26 0.75 1.24 1.56 2.47 0.97 0.08 20.58 23.81 14.77 0.38 13.46 15.58 11.50 0.74 1.83 0.34 -9999 22.46 9.23
0.39 3.64 0.42 6.66 1.93 10.09 1.50 7.61 6.93 6.29 6.53 4.07 2.96 3.26 3.21 6.89 5.06 4.80 0.36 1.45 0.93 0.37 0.35 0.50 0.65 1.80 3.54 2.80 2.48 2.18 2.89 2.50 3.23 2.25 3.07 3.80 0.62 4.17 4.23 3.54 1.88 1.11 1.51 3.73 4.38 6.25 2.66 4.36 13.18 11.55 2.38 2.43 1.90 2.01 2.49 2.82 3.61 2.60 2.30 5.25 3.00 2.18 5.93 5.76 3.34 1.99 2.29 3.00 9.37 6.59 6.71 7.97 5.61 15.68 0.22 10.07 10.97 -9999 -9999 5.09 22.64 21.56 16.49
0.63 13.41 14.39 6.55 8.03 4.63 2.34 6.32 7.02 5.12 4.12 3.78 4.16 3.51 3.71 2.63 1.37 0.97 0.64 0.41 1.31 0.45 0.33 0.37 0.48 0.72 0.59 2.33 3.09 3.72 3.69 3.12 1.97 4.11 2.29 4.06 4.64 3.53 3.31 6.41 3.95 3.29 3.63 2.46 3.44 2.90 5.06 3.71 10.95 12.93 5.99 7.30 2.39 0.64 2.83 2.79 2.23 3.61 2.53 2.36 2.88 2.42 2.93 2.57 1.86 1.32 2.15 0.70 1.86 7.37 6.56 7.94 7.24 19.93 16.15 19.35 4.50 7.81 -9999 4.64 26.14 23.17 11.86
8.38 9.78 15.41 6.42 4.02 6.62 5.48 3.61 4.74 4.73 5.59 4.54 0.71 2.09 4.25 5.43 5.47 0.56 0.70 0.51 1.63 1.89 0.85 0.88 1.93 1.62 2.99 1.36 1.91 2.04 2.67 4.42 2.31 2.27 1.97 1.32 1.58 2.75 3.86 6.29 7.08 3.21 2.02 8.43 10.02 7.88 5.85 7.64 3.43 9.43 8.95 5.37 3.01 2.97 2.71 3.15 2.29 3.37 2.61 3.31 2.39 2.34 0.90 2.56 2.77 4.27 2.42 1.87 1.28 2.92 2.34 5.85 8.69 7.08 7.00 16.68 17.26 15.00 3.89 28.33 28.01 26.37 16.72
8.92 6.83 9.53 7.41 7.99 3.74 4.44 4.06 2.23 1.98 2.41 1.21 1.07 1.85 2.88 3.83 5.16 2.16 0.73 2.69 2.52 2.63 1.59 1.79 6.36 6.82 3.43 1.85 1.60 1.59 2.67 5.24 5.66 5.34 2.45 1.34 0.32 1.73 2.28 3.06 6.56 5.22 1.82 6.83 10.74 10.66 7.68 8.17 10.56 1.56 2.11 6.23 2.50 2.06 2.50 2.84 2.74 3.59 3.16 1.84 2.62 3.52 2.32 2.00 2.35 0.50 1.21 1.71 2.11 5.75 8.31 7.98 11.72 15.46 5.68 13.95 18.09 19.38 2.17 25.07 29.35 27.96 12.95
0.85 2.71 2.96 3.22 4.91 4.09 4.62 7.09 3.98 2.84 2.77 4.26 0.43 0.52 0.53 6.25 5.27 2.59 2.35 5.19 5.38 4.73 2.51 3.63 3.04 1.20 3.64 2.09 1.82 1.68 1.72 2.98 3.91 6.60 5.13 1.22 2.35 0.44 2.74 2.82 6.77 3.62 4.68 6.00 0.70 7.32 6.65 5.44 5.33 5.07 1.88 1.15 4.35 5.17 2.18 2.31 3.08 4.21 3.17 4.14 3.45 2.79 1.07 2.23 1.86 2.97 1.30 1.09 3.08 2.03 1.31 7.61 9.62 2.99 2.96 13.31 9.90 20.71 7.43 7.90 20.68 13.77 5.20
1.21 5.33 4.00 7.11 7.37 6.29 8.48 6.33 6.77 4.02 4.17 4.99 4.12 4.22 4.16 5.80 1.10 2.89 3.72 4.96 6.86 3.97 6.06 4.16 1.85 0.74 3.65 1.48 1.21 5.66 4.02 2.85 3.18 4.04 5.95 4.34 4.24 3.88 2.12 3.24 2.28 6.35 6.46 2.78 7.92 5.66 4.01 4.04 5.31 5.70 7.04 3.38 3.20 2.37 1.89 3.41 2.95 13.22 5.82 4.51 3.94 2.22 1.41 1.54 2.04 3.06 1.87 1.81 1.46 2.53 0.32 0.46 8.26 9.84 4.54 2.44 5.51 5.79 11.10 12.05 0.80 11.70 9.73
6.12 5.29 3.74 2.93 1.20 5.45 7.31 7.47 7.42 5.10 4.55 5.67 5.33 3.60 4.44 2.35 0.99 3.34 2.56 0.47 2.12 3.12 5.47 5.14 2.35 0.62 4.06 0.98 4.28 4.46 5.53 5.81 1.35 0.52 2.14 4.25 6.16 1.87 3.59 2.70 3.11 3.04 5.45 10.78 4.59 5.04 2.77 4.43 3.75 3.24 8.54 12.42 7.70 2.64 2.67 3.37 14.61 22.96 5.04 3.79 3.83 1.84 1.96 2.57 4.53 1.82 1.82 0.49 1.39 1.10 0.26 1.10 8.64 10.44 4.62 2.37 19.95 4.45 8.53 10.73 12.53 17.53 12.35
4.17 2.59 1.35 1.50 1.17 1.62 5.50 6.38 6.53 0.99 2.57 4.80 3.76 2.77 4.82 5.13 6.04 3.42 4.37 4.06 0.51 1.75 4.36 4.33 4.94 0.69 1.31 1.54 2.41 4.10 0.90 1.22 3.06 4.05 0.51 0.93 5.55 1.79 4.85 6.27 3.75 2.29 5.04 10.56 8.30 1.76 2.06 0.83 5.50 6.92 4.83 10.77 8.63 3.44 2.33 1.84 2.07 4.98 2.82 5.15 3.40 2.06 0.70 2.45 2.81 2.29 1.08 0.32 0.46 0.38 0.36 1.68 1.86 2.91 2.34 18.78 16.96 10.78 8.19 19.21 15.12 23.31 20.18
2.42 0.72 1.17 1.43 1.34 2.57 4.83 3.81 8.12 2.50 1.67 3.64 4.40 3.15 0.50 4.58 4.41 3.64 1.74 1.45 0.34 1.35 5.61 3.59 1.97 1.64 5.34 4.29 1.16 0.90 0.69 0.39 0.47 3.39 3.59 2.24 4.72 2.66 2.14 2.03 1.39 2.18 2.39 2.82 0.72 2.08 1.20 2.88 4.97 5.34 5.92 7.44 -9999 -9999 2.52 3.82 6.19 4.89 2.02 2.70 4.66 6.02 1.96 0.70 0.60 0.26 0.51 1.32 3.81 0.83 0.33 0.29 0.33 1.93 2.57 9.16 11.39 10.93 8.42 21.73 2.84 0.66 22.27
8.16 7.01 7.34 5.14 3.06 0.82 0.71 1.81 2.92 5.29 2.65 0.90 2.89 1.46 4.44 4.69 4.76 2.65 1.54 0.54 0.34 1.37 1.45 1.64 4.86 1.82 4.21 1.72 0.64 0.41 0.42 0.32 0.42 2.20 3.52 3.01 5.38 4.41 1.73 2.46 1.83 3.34 0.97 4.49 5.02 4.41 2.63 1.84 5.56 1.39 3.28 1.62 6.54 17.23 18.46 17.71 9.06 5.15 3.14 2.18 3.24 1.02 0.44 0.34 0.22 1.14 0.76 1.40 2.47 1.43 0.79 1.11 0.56 1.01 2.18 2.40 8.84 8.41 9.70 13.78 2.36 1.63 19.39
8.70 10.03 10.60 9.56 9.65 9.16 9.70 8.97 10.13 8.39 7.55 3.39 1.13 0.77 5.27 4.04 4.00 4.26 1.51 0.60 0.45 1.61 1.91 2.01 4.79 3.62 3.66 0.90 0.46 0.61 0.45 0.44 0.68 0.46 0.47 2.50 3.72 4.26 1.09 1.76 1.35 4.45 3.55 7.95 5.25 4.18 0.93 0.91 3.53 4.98 3.53 6.53 3.66 7.52 9.09 4.86 2.74 5.56 4.28 3.77 2.52 2.24 5.29 0.43 0.72 1.85 0.66 0.32 1.23 2.52 2.75 6.23 3.81 2.15 2.48 0.31 4.39 1.51 2.70 10.89 0.53 2.16 0.68
8.41 7.88 9.75 9.86 9.83 9.90 10.92 10.72 10.47 1.54 1.30 1.33 1.87 1.22 1.68 4.43 5.25 1.66 3.96 0.57 1.24 1.53 1.61 1.57 3.84 3.33 2.79 3.15 0.68 0.62 4.60 4.12 0.87 1.81 2.70 3.59 3.77 2.34 2.31 1.54 2.15 3.76 2.13 6.65 1.13 6.97 2.99 2.84 3.08 4.72 2.43 3.53 1.70 0.82 3.41 3.92 7.48 4.18 4.01 5.80 3.54 2.87 3.55 2.81 2.71 1.82 1.23 2.09 0.54 0.29 0.58 0.78 0.65 0.59 0.63 0.31 0.31 0.38 0.46 0.39 0.66 0.56 0.26
9.56 9.69 0.41 10.06 9.82 10.40 8.90 2.08 1.13 9.69 10.36 9.11 3.14 4.18 1.01 1.41 2.18 2.13 4.73 3.46 1.62 1.87 1.45 1.61 0.61 0.59 0.52 0.57 2.36 0.86 2.09 0.69 0.94 1.62 1.86 2.71 3.68 1.75 0.99 1.39 1.46 6.50 4.40 6.06 5.28 2.46 0.84 2.82 0.77 3.84 4.42 2.42 5.25 1.50 3.47 8.35 7.87 5.64 9.24 8.10 8.89 3.69 7.92 6.36 6.76 5.07 4.96 5.56 7.95 4.81 2.61 2.98 3.04 2.29 0.25 0.23 0.25 0.29 0.41 2.08 2.24 0.34 0.27
10.26 9.77 10.03 7.74 1.83 1.58 0.85 10.76 10.36 8.94 9.45 8.70 6.82 6.08 2.90 1.08 3.54 5.85 2.41 1.19 0.74 1.29 1.80 4.07 2.36 0.40 0.90 0.60 1.07 0.58 0.47 0.53 0.45 2.75 2.64 3.81 3.65 2.75 1.67 1.57 2.36 4.67 5.65 4.17 4.47 7.02 6.06 1.69 1.56 1.46 1.76 2.66 1.50 4.74 2.83 6.73 9.87 8.19 11.13 9.46 2.81 2.61 8.19 8.09 10.99 11.02 8.33 6.32 3.52 7.81 5.03 4.03 4.83 6.81 3.52 0.39 0.19 0.29 0.30 1.64 2.41 0.38 0.27
6.04 2.26 1.87 2.03 8.11 11.20 10.55 10.25 9.87 9.48 9.32 7.53 5.61 9.94 2.81 1.02 0.49 1.42 4.55 3.65 1.20 2.11 3.15 3.35 3.80 2.01 0.51 2.36 3.27 0.55 0.46 0.33 4.22 0.36 2.31 3.21 6.49 1.12 3.04 2.11 2.80 4.69 2.62 2.95 3.39 5.69 6.25 1.55 1.63 3.87 2.84 2.59 2.00 2.60 3.25 3.83 9.39 10.63 8.95 8.20 2.41 1.63 1.05 2.34 6.32 10.11 6.84 7.01 4.79 8.72 9.18 7.57 7.78 9.09 8.73 2.86 2.32 0.24 0.27 0.42 2.26 1.80 1.55
1.57 7.44 9.82 8.85 9.83 10.77 1.58 11.33 10.06 7.75 10.27 0.50 8.64 8.96 2.53 4.65 2.72 3.95 4.43 4.14 3.83 3.75 3.48 2.68 0.80 0.72 0.69 0.45 0.51 0.38 2.49 2.18 3.58 0.65 3.37 4.01 6.65 5.58 3.53 2.58 4.39 2.30 0.44 1.71 4.43 1.70 4.58 3.46 1.38 1.05 4.75 4.53 2.71 1.40 1.24 4.19 6.39 6.05 5.36 9.71 6.51 5.47 3.94 2.53 1.48 6.25 6.78 2.66 5.04 3.24 2.64 8.22 9.06 12.00 11.50 7.83 2.73 0.38 0.33 0.26 0.89 1.61 2.23
0.77 10.12 9.96 2.49 11.03 11.35 10.13 10.86 0.46 11.29 10.77 9.14 10.84 11.09 4.31 4.60 5.64 3.22 2.37 1.84 0.83 3.40 2.73 2.57 1.12 0.30 0.28 0.40 1.99 0.56 2.70 1.21 3.54 4.01 2.35 4.66 1.44 0.84 0.68 1.44 2.66 2.02 0.57 1.31 0.22 0.76 2.56 7.30 2.36 1.99 1.50 1.70 1.88 3.32 4.63 6.21 3.93 5.53 4.05 8.54 8.05 6.70 6.40 3.23 5.52 0.49 0.34 2.46 2.23 3.40 1.49 2.40 8.71 12.31 8.45 4.42 2.99 2.27 0.51 0.35 0.31 1.74 1.53
6.12 10.47 10.39 10.51 10.28 9.82 10.76 9.93 11.04 9.96 9.67 4.33 11.22 11.54 9.46 9.24 6.98 3.36 4.31 1.88 2.24 2.12 1.98 3.07 1.84 0.85 0.36 0.34 1.10 1.75 1.56 0.67 3.23 2.00 3.35 4.93 6.04 0.60 0.66 0.54 1.32 1.16 2.41 0.21 0.15 0.35 0.39 4.09 3.47 6.11 1.95 4.10 1.34 2.05 1.45 5.47 5.14 3.73 2.40 5.58 5.83 3.05 3.99 5.36 2.09 3.81 1.82 1.32 0.38 4.08 3.49 2.03 2.43 2.06 2.31 0.94 1.04 2.68 1.79 2.39 0.31 0.28 0.79
9.64 10.16 10.59 8.12 10.23 10.45 10.17 10.32 10.25 10.63 11.04 10.50 11.15 11.79 3.17 10.96 9.62 1.90 3.61 4.00 3.97 2.61 2.18 2.44 1.82 2.15 2.82 0.58 0.33 0.33 1.29 1.34 3.07 2.69 2.97 5.41 5.83 0.94 0.48 1.91 1.99 2.11 1.44 0.21 0.22 0.21 5.95 6.00 5.66 4.73 4.78 5.39 7.49 7.41 6.70 5.20 5.03 5.37 6.32 2.21 4.16 5.98 2.33 5.02 1.54 1.68 1.85 2.46 2.46 0.52 0.77 2.78 2.36 0.40 3.21 0.47 0.99 1.22 2.17 2.29 0.37 0.34 1.32
9.76 9.63 10.52 9.21 9.58 10.20 10.48 10.00 10.38 8.11 4.51 10.89 11.53 11.92 11.78 11.27 11.42 4.78 3.95 2.64 2.95 1.89 3.38 3.91 2.76 3.73 4.14 3.25 3.27 4.30 0.34 1.02 2.39 1.95 3.36 6.29 -9999 -9999 -9999 0.90 2.66 1.23 1.68 0.20 0.24 0.48 1.38 2.96 1.50 1.85 5.16 5.25 6.71 7.92 5.34 6.03 4.76 4.08 2.06 2.51 4.93 5.77 6.64 7.20 6.02 1.35 1.66 1.23 6.14 0.59 0.46 0.40 1.24 0.48 0.89 1.27 3.14 3.02 2.08 2.55 1.64 2.85 2.20
9.23 10.78 9.37 8.88 9.82 9.31 9.70 10.43 10.01 10.22 11.09 10.97 11.27 12.05 10.78 10.20 10.45 9.05 6.99 3.28 3.16 2.53 3.77 0.68 0.90 0.78 2.84 3.14 3.12 3.41 1.51 1.00 1.16 1.23 4.02 3.11 -9999 -9999 -9999 1.07 0.94 2.64 1.15 4.29 1.03 1.46 3.40 2.57 1.56 2.97 4.19 6.51 4.09 3.96 6.27 4.00 3.62 2.88 1.71 1.03 2.47 7.06 5.53 1.70 6.39 1.64 1.84 2.05 5.30 0.49 0.48 0.51 0.43 0.55 1.89 3.85 5.92 2.76 2.55 3.32 3.17 2.61 1.33
5.53 8.30 7.99 0.55 8.95 10.48 9.91 12.18 10.33 11.00 11.38 10.98 11.04 12.03 11.05 11.77 1.29 9.64 8.89 4.94 4.90 3.43 0.41 0.58 0.63 0.95 1.56 0.50 2.84 3.78 2.38 2.15 1.30 0.89 4.14 5.37 0.61 2.55 2.86 4.81 0.37 1.48 0.81 1.49 1.35 1.30 2.68 1.18 1.22 1.26 4.38 4.21 1.58 2.70 2.99 2.89 1.92 6.11 3.31 2.45 1.89 4.40 5.64 2.27 1.71 1.92 1.85 1.58 0.34 0.34 0.29 0.30 0.30 1.69 0.39 3.14 1.68 2.43 3.39 1.52 2.55 4.38 3.66
9.51 9.24 8.63 9.31 9.52 9.74 10.45 11.15 11.46 10.38 10.82 11.09 10.27 12.52 11.85 10.65 10.79 0.28 8.68 8.93 2.73 4.45 4.78 1.82 0.80 0.55 0.47 0.79 1.34 2.28 2.50 1.66 0.91 1.27 5.11 3.40 0.71 4.62 1.28 2.75 1.34 1.50 1.33 1.52 1.49 1.09 1.25 1.46 1.23 1.50 2.56 1.66 2.29 2.68 1.71 1.14 2.84 5.29 4.22 3.40 1.19 1.53 1.20 1.33 3.69 1.70 1.54 0.38 0.20 0.16 0.24 0.21 0.21 0.23 0.23 0.28 1.48 1.38 1.83 1.55 4.39 2.65 2.30
9.16 8.26 0.35 9.47 9.56 9.18 10.15 11.34 9.30 10.55 10.75 0.56 9.82 12.52 11.66 10.38 10.03 8.68 8.83 8.34 4.24 1.58 3.41 1.05 1.16 3.33 1.61 1.39 1.48 1.10 2.98 2.00 1.71 1.14 2.90 3.46 2.16 2.85 2.93 2.25 1.43 1.52 0.90 1.25 1.37 2.08 2.17 3.72 3.23 1.38 0.73 2.29 2.52 2.37 0.60 3.22 0.78 6.45 4.99 3.52 1.83 2.33 1.75 1.38 1.80 1.72 1.92 0.36 0.30 0.23 0.18 0.20 0.16 0.19 0.18 0.19 0.31 1.79 2.72 2.88 1.57 6.56 6.04
