cartolidar/data/other/asc_other/476_4576_2017_Fcc5m.asc
ncols 200 
nrows 200 
xllcenter 476005.000 
yllcenter 4574005.000 
cellsize 10.000 
nodata_value 255 
[rows 55 to 109 of 200, columns 0 to 95 of 200]
27 47 28 16 37 39 16 41 10 27 17 71 57 43 25 33 53 35 43 39 34 70 27 30 08 00 00 00 00 00 00 00 00 03 03 02 05 09 05 00 00 00 00 00 00 10 00 28 18 88 48 20 00 03 00 08 00 00 00 00 00 00 00 00 00 00 00 00 00 00 00 00 00 00 00 00 00 00 00 00 12 00 00 00 00 00 00 00 00 00 00 01 01 25 87 25
30 30 50 34 00 19 31 27 20 07 65 62 14 58 37 34 76 57 24 53 28 53 51 20 28 00 00 01 00 00 11 05 00 00 13 15 03 00 00 00 00 00 00 00 05 00 20 17 52 00 50 35 01 01 03 13 00 00 00 00 00 00 00 00 00 00 00 00 00 00 00 01 00 00 00 00 00 00 00 00 00 00 00 00 00 00 00 00 00 00 00 00 02 40 65 68
32 00 41 17 27 00 04 03 50 20 41 21 37 46 28 35 39 32 37 65 77 15 45 63 07 00 02 16 00 00 00 00 00 00 04 10 00 00 00 00 00 00 04 01 13 36 45 26 12 24 71 41 11 01 31 00 01 00 00 00 00 00 00 00 00 00 00 00 00 00 00 00 00 01 00 00 02 03 00 00 00 00 00 00 00 00 00 00 00 00 00 00 00 00 18 39
59 18 16 16 26 00 00 00 05 21 36 25 53 32 08 28 37 28 48 28 52 50 41 66 13 00 14 09 00 01 02 03 00 01 06 04 08 00 00 00 00 00 00 02 21 86 53 27 52 40 30 37 20 00 09 03 00 00 01 00 00 00 00 00 00 00 00 00 01 00 00 01 00 05 00 00 00 01 00 00 00 00 00 00 00 00 00 00 00 00 00 00 00 00 00 01
26 19 31 31 20 19 00 00 00 00 23 10 22 00 38 19 42 18 50 57 04 45 38 30 35 00 04 26 05 02 10 06 00 01 10 01 01 00 00 00 00 00 00 00 03 27 15 32 21 20 44 10 37 40 19 05 02 01 00 00 00 00 00 00 00 01 00 02 01 00 00 00 00 00 00 00 00 00 00 00 00 00 00 00 00 00 00 00 00 00 00 00 00 00 00 00
31 50 27 25 28 25 00 00 00 00 02 31 75 12 00 10 28 36 18 05 21 65 38 21 00 00 14 21 17 03 22 08 00 01 06 03 03 00 00 00 00 00 00 00 02 00 26 46 16 04 15 54 18 12 09 00 00 00 01 02 00 00 00 00 00 00 00 00 00 00 00 00 00 00 00 00 00 00 00 00 00 00 00 00 00 00 00 00 00 00 00 00 00 00 00 00
26 43 61 10 45 29 20 00 00 00 00 00 00 36 05 11 16 78 25 18 51 11 17 32 09 00 14 18 21 02 32 02 00 00 02 02 01 00 00 00 00 00 00 00 02 12 10 22 15 22 26 28 45 27 01 11 00 00 03 01 00 00 02 00 00 00 00 00 00 00 00 00 00 00 00 02 05 00 00 00 00 00 00 00 00 00 00 00 00 00 00 07 12 04 00 01
34 62 37 33 47 70 14 00 00 00 00 00 00 00 00 10 40 60 25 21 12 12 32 61 17 00 10 01 23 07 25 01 00 00 00 00 00 01 00 00 00 00 00 00 00 46 55 25 40 42 12 46 17 16 39 15 04 22 02 00 00 00 02 00 00 00 03 00 00 00 00 00 00 00 00 00 05 00 00 00 00 00 01 00 00 00 00 00 00 00 00 05 10 02 00 00
30 19 72 42 27 62 44 13 05 00 00 04 00 00 00 00 07 08 14 60 65 22 82 02 07 00 12 10 00 08 18 04 01 00 00 04 00 00 00 00 00 01 00 00 00 01 03 31 15 18 17 14 23 26 63 10 07 10 08 00 01 00 00 00 00 00 00 00 00 00 00 00 00 06 04 00 00 00 00 00 00 12 00 00 00 00 00 00 00 00 00 00 00 00 00 00
80 22 30 41 34 60 71 35 30 00 16 10 05 00 00 00 00 18 66 40 59 13 27 37 30 05 06 06 13 12 10 10 05 04 00 03 02 00 00 01 00 01 00 01 00 02 30 29 52 22 13 55 07 00 09 51 24 04 18 00 01 00 00 00 00 00 00 00 01 00 00 00 00 05 03 02 00 00 00 00 00 00 00 00 00 00 00 00 00 00 00 00 00 00 00 00
80 29 30 41 10 42 38 31 30 50 60 33 30 04 09 04 00 27 53 34 33 31 45 28 13 02 01 07 08 08 03 08 03 00 00 01 06 00 01 00 05 27 00 01 00 03 08 19 36 50 28 00 08 14 03 22 24 11 02 02 00 00 00 02 00 00 00 00 00 00 00 00 00 00 00 00 00 00 00 00 00 00 00 00 02 00 00 00 00 00 00 00 00 00 02 04
21 13 11 13 14 20 15 16 71 90 44 43 23 44 11 07 13 18 60 69 26 31 15 25 40 11 00 00 04 08 08 04 02 00 00 11 02 00 00 00 06 37 00 09 00 00 05 30 15 07 21 70 19 06 00 07 15 04 00 00 01 00 00 01 04 03 00 00 00 01 00 01 00 00 00 00 00 00 01 00 00 04 00 00 04 00 00 00 00 00 00 00 00 00 00 00
75 38 36 35 56 11 18 78 81 51 39 68 64 61 45 26 22 06 03 09 05 17 21 06 36 12 00 00 08 07 14 02 04 00 00 13 05 00 00 00 00 00 00 00 00 00 10 01 00 39 29 36 19 05 15 21 17 02 00 00 00 01 00 00 00 00 00 00 00 00 00 00 00 00 00 00 00 00 00 00 00 01 01 00 00 00 00 00 00 00 00 00 00 00 00 00
23 100 44 00 62 40 44 13 31 68 73 61 67 24 29 53 54 26 20 02 51 50 46 07 12 15 00 00 08 08 00 01 02 01 00 01 01 00 00 00 00 00 00 00 01 01 12 03 00 04 01 00 29 24 04 05 04 48 03 02 00 00 04 00 00 00 00 00 00 00 00 00 00 00 00 00 00 00 00 00 00 00 05 00 00 00 00 00 00 00 00 00 00 00 00 00
21 53 53 75 80 39 38 14 42 68 56 23 93 65 73 41 25 65 90 30 64 46 27 08 18 00 00 01 08 05 03 02 02 02 00 00 00 06 07 00 01 00 00 00 00 14 01 10 12 56 75 02 03 31 17 15 47 40 00 00 00 00 00 00 00 00 00 01 00 00 00 00 00 00 00 00 00 00 00 00 00 00 00 00 00 00 00 00 00 00 00 00 00 00 00 00
76 01 28 04 03 78 50 60 48 19 42 71 77 40 27 85 68 57 90 46 23 46 28 37 18 07 00 00 03 01 03 03 01 01 00 01 00 01 09 00 00 00 03 01 00 00 00 02 11 20 94 85 72 32 34 35 52 51 29 00 00 00 00 00 00 00 00 00 00 00 00 00 00 00 00 00 00 00 00 00 05 03 00 00 06 00 00 00 00 00 00 00 00 00 00 00
28 50 00 02 55 94 34 50 48 93 71 20 34 70 80 57 88 40 43 46 54 69 20 09 04 05 00 02 01 00 01 11 05 10 02 02 01 03 04 04 00 12 04 00 00 00 00 05 05 36 04 34 01 26 02 11 10 27 03 04 00 00 00 00 00 00 00 03 01 00 00 00 00 00 00 00 00 00 00 00 00 00 00 00 00 00 00 00 00 00 00 00 00 00 00 00
42 88 36 13 09 20 20 100 30 75 52 28 69 26 51 52 17 25 73 61 63 38 64 22 14 00 01 00 01 04 03 04 05 15 03 00 00 08 04 19 03 07 17 00 00 00 00 00 01 13 16 04 01 57 63 20 25 14 04 05 00 00 00 00 00 00 00 00 00 00 00 00 00 00 00 00 00 00 00 00 00 00 01 00 00 00 00 00 00 00 00 00 00 00 00 00
64 71 21 28 35 07 07 55 29 76 59 42 61 07 24 20 45 79 71 85 71 47 51 25 02 00 02 00 00 04 08 01 05 08 16 00 01 02 00 16 06 12 01 02 00 00 00 00 35 48 37 18 01 01 13 72 09 39 08 05 01 00 00 00 00 00 00 00 00 00 00 00 00 00 00 00 00 00 00 00 00 00 01 00 00 06 00 00 00 00 00 00 00 00 00 00
60 37 47 71 62 37 25 85 54 31 57 79 74 12 46 65 47 75 80 50 38 31 12 11 00 00 00 00 01 04 02 00 03 14 13 00 00 00 04 04 15 16 11 19 07 00 00 00 09 66 21 33 41 02 00 00 07 01 29 12 00 00 00 00 00 00 00 00 00 00 00 06 11 00 00 00 00 00 00 00 00 00 00 00 00 00 00 00 00 00 00 00 00 00 00 00
52 48 45 35 33 45 70 39 70 95 80 66 33 48 35 25 34 63 17 30 61 58 10 00 07 00 00 00 01 03 00 01 00 00 00 00 04 16 07 08 11 26 08 13 03 00 00 00 01 24 06 76 34 54 10 00 01 01 05 01 02 00 00 00 00 00 00 00 00 00 00 00 00 02 00 00 00 00 00 00 00 00 01 00 00 00 00 00 00 00 00 00 00 00 00 00
00 11 17 75 53 70 91 59 79 62 50 45 92 71 56 16 36 38 72 53 31 48 29 00 00 00 00 00 02 02 00 01 02 01 02 00 00 08 04 05 01 01 00 04 00 00 00 00 00 00 05 19 47 25 75 21 00 11 00 00 00 00 00 00 00 00 00 00 00 00 00 00 00 01 21 00 00 00 00 00 00 00 00 00 00 00 00 00 00 00 00 00 00 00 00 00
00 00 05 52 38 68 47 41 28 41 80 66 80 94 25 10 03 38 61 69 08 23 24 19 00 00 01 00 08 03 00 03 00 00 00 02 01 00 05 00 01 00 01 03 01 09 00 00 00 01 29 15 62 60 76 70 67 00 03 06 00 00 00 00 00 00 00 00 00 00 00 09 01 00 05 03 00 00 00 00 00 00 00 00 00 00 00 00 00 00 00 00 00 00 00 00
00 00 23 62 62 53 61 22 03 35 73 100 55 22 55 78 43 08 50 42 45 21 42 44 05 00 00 00 05 04 00 00 01 01 00 00 06 01 18 04 00 00 04 05 10 12 36 00 00 32 03 08 33 47 53 68 19 00 00 12 09 00 00 00 00 00 00 00 00 00 00 17 04 00 00 00 00 01 00 00 00 01 02 00 00 00 00 00 00 00 00 00 00 00 00 00
00 00 00 40 31 60 14 28 58 57 85 44 21 68 55 75 50 33 26 37 50 01 20 33 08 00 00 00 01 03 00 05 02 00 00 00 00 02 08 13 00 02 01 00 01 05 11 03 00 07 44 15 27 54 08 17 71 09 00 00 00 00 00 00 00 00 00 00 00 00 00 02 20 00 00 00 20 04 00 00 00 00 00 00 00 00 00 00 00 00 00 00 00 00 00 00
00 00 00 36 47 40 88 37 52 55 40 33 86 66 82 20 30 33 50 10 00 17 32 11 07 00 01 00 04 01 00 00 00 00 00 02 00 01 12 08 03 01 02 10 00 00 00 00 01 03 36 67 37 54 00 23 76 06 00 00 00 00 00 00 00 00 00 00 00 00 00 00 07 00 00 00 02 48 00 00 00 00 00 00 00 00 00 00 00 00 00 00 00 00 00 00
00 00 00 05 32 73 69 72 09 25 48 54 87 16 20 33 67 30 30 00 12 10 24 28 15 00 01 00 00 03 04 01 00 00 00 00 00 00 02 04 01 01 00 00 01 00 01 00 01 00 20 20 10 28 80 00 06 38 46 43 00 00 04 11 00 00 00 00 00 00 00 00 02 00 00 00 00 06 02 00 00 03 00 00 00 00 00 00 00 04 00 00 00 00 00 00
00 00 00 00 01 46 15 41 44 65 81 47 42 18 57 92 34 45 87 46 15 16 23 44 14 03 00 00 00 05 00 00 00 00 02 09 01 00 00 00 00 06 02 00 00 00 00 01 00 00 00 16 77 06 60 27 07 76 38 25 21 06 00 05 28 00 00 00 00 00 00 00 13 06 00 00 00 00 02 00 02 03 00 00 00 00 00 00 00 00 00 00 00 00 00 00
00 00 00 00 00 30 30 66 80 55 57 32 55 72 100 32 38 37 86 71 31 66 20 27 17 00 00 00 00 04 05 01 00 02 10 16 00 03 00 00 00 03 02 09 04 00 01 00 00 00 00 02 75 23 36 85 00 20 15 41 01 00 00 01 08 00 00 00 00 00 00 00 00 00 00 00 00 00 00 01 00 00 11 00 01 00 00 00 00 00 00 00 00 00 00 00
00 00 00 00 00 00 02 23 75 46 52 85 85 57 46 46 64 55 33 50 68 74 22 02 23 00 00 00 01 06 04 14 02 00 01 01 00 00 00 00 17 01 03 00 03 00 00 00 00 00 00 04 35 52 55 82 41 00 40 56 20 00 00 00 00 06 01 00 00 00 00 00 00 00 04 00 00 00 01 00 01 00 10 02 00 00 02 00 00 00 00 00 00 00 00 00
00 00 00 00 00 00 00 00 00 22 86 76 48 33 63 55 67 39 38 45 68 63 57 21 24 04 00 03 00 00 09 03 06 00 03 03 07 00 00 00 04 20 00 01 05 01 00 01 01 00 00 00 26 45 07 29 71 01 39 68 04 00 00 00 00 02 00 00 00 00 00 00 00 00 00 00 00 00 00 01 00 07 10 04 09 00 00 00 00 00 00 00 00 00 00 00
00 00 00 00 00 11 00 04 06 00 22 59 44 69 86 86 42 43 83 52 43 61 80 56 03 29 00 00 04 00 06 02 15 01 00 02 00 00 00 00 02 09 01 01 14 06 05 00 00 00 02 00 13 17 45 27 30 24 13 22 22 44 01 00 00 04 00 00 00 01 00 00 00 00 00 00 01 00 00 00 00 00 00 01 00 00 00 00 00 00 00 00 00 00 00 00
00 00 00 00 00 00 00 00 00 00 00 71 94 58 52 26 79 50 95 38 51 57 35 35 52 20 01 00 02 02 00 13 14 01 04 02 02 00 01 00 00 03 20 00 00 06 00 00 00 00 00 00 00 00 14 11 30 35 30 58 64 36 26 00 00 04 02 00 00 00 00 00 00 00 02 00 00 00 00 00 00 00 00 01 00 00 00 00 00 00 00 00 00 00 00 00
00 00 00 00 00 00 00 00 00 00 20 13 70 64 38 54 59 82 42 38 45 39 35 56 24 13 02 00 02 03 04 00 02 01 01 04 00 00 00 01 03 02 32 04 02 09 00 05 01 00 00 00 00 04 00 21 48 34 61 30 45 12 24 01 00 00 00 07 00 00 00 00 00 00 00 08 08 00 00 00 00 02 00 00 00 00 00 00 00 00 00 00 00 00 00 00
00 00 00 00 00 00 00 00 00 08 00 45 47 63 70 92 32 44 71 51 31 62 47 34 04 25 15 00 00 01 06 02 12 13 02 05 00 00 00 01 00 02 05 01 13 12 03 00 00 00 02 00 00 00 00 17 20 56 32 44 38 29 18 04 00 00 00 00 14 10 00 00 00 00 00 06 16 08 00 00 00 00 00 01 06 00 00 00 00 00 00 00 00 00 00 00
00 00 00 00 00 00 00 00 00 03 00 42 12 31 36 60 55 51 72 65 20 58 21 50 43 11 11 02 00 00 02 06 05 02 03 02 02 00 00 00 03 00 11 00 06 05 04 05 02 00 01 00 00 00 07 21 40 38 62 22 39 32 32 38 07 00 00 00 00 00 02 00 00 00 00 02 29 05 00 00 00 00 01 01 03 01 00 00 00 02 03 00 00 00 00 00
00 00 00 00 00 00 00 00 00 03 00 50 100 57 11 38 53 96 37 60 76 19 56 65 47 28 05 15 00 00 01 02 00 02 03 00 00 00 00 00 00 00 01 01 00 11 10 04 05 01 01 00 00 00 00 14 34 49 32 14 17 18 52 17 17 00 00 00 00 00 03 00 00 03 00 00 79 06 02 00 00 00 01 04 00 04 00 00 00 00 06 00 00 00 00 01
00 00 00 00 00 00 00 00 00 09 05 00 35 44 39 88 72 48 75 68 25 53 60 44 65 75 24 30 23 01 00 03 04 02 01 00 01 01 00 00 04 00 00 00 00 13 20 15 03 00 06 00 00 00 00 13 16 26 31 16 29 14 08 09 02 00 00 00 08 00 00 00 00 00 00 00 04 00 01 03 00 00 06 04 00 06 03 04 04 03 00 00 00 00 00 00
00 00 00 00 00 00 00 00 00 00 00 00 00 10 84 51 77 92 82 60 64 50 30 62 81 41 23 43 22 04 00 05 08 04 03 00 00 01 00 01 13 22 00 00 00 02 11 09 06 01 01 02 07 03 00 15 31 05 37 13 31 36 17 16 21 00 07 19 00 00 00 00 00 00 00 00 00 00 01 00 00 12 08 17 09 07 17 02 20 00 00 00 00 00 00 00
00 00 00 00 00 00 00 00 00 00 00 00 00 00 10 38 60 91 52 58 51 35 69 61 42 55 44 31 23 62 10 00 01 02 00 00 02 00 02 00 00 15 02 00 00 00 09 04 09 03 00 00 00 09 00 00 36 10 52 31 05 30 25 04 41 23 17 12 01 30 00 00 00 00 00 02 00 00 02 00 00 13 31 06 06 15 12 04 00 01 04 00 00 00 00 00
00 00 00 00 00 00 00 00 00 00 00 00 00 00 01 30 43 46 76 56 86 81 12 37 45 57 26 55 57 21 60 22 00 00 01 00 00 03 01 00 01 02 01 00 00 01 00 01 04 03 10 03 00 01 00 00 00 05 08 04 03 22 10 36 13 25 08 16 55 66 02 00 56 00 00 01 05 00 01 00 02 01 60 52 03 15 15 03 23 14 00 00 00 00 00 00
00 00 00 00 00 00 00 00 00 00 00 00 00 00 00 00 07 70 13 46 58 27 43 34 28 18 51 80 31 50 63 26 00 00 05 03 03 03 00 01 00 00 07 00 00 00 00 00 02 03 04 01 01 01 00 00 00 11 04 38 34 12 02 15 28 17 30 22 30 87 41 58 39 32 20 00 03 00 00 06 02 01 07 15 32 23 11 17 06 18 27 00 01 04 00 00
00 00 00 00 00 00 00 00 00 00 00 00 00 00 00 00 06 29 50 49 22 52 34 36 57 78 29 33 73 39 41 15 22 00 01 03 00 04 02 00 01 04 19 01 00 00 00 03 00 00 02 00 00 01 06 01 06 00 15 07 07 14 00 07 17 30 17 08 67 65 54 04 79 71 62 00 00 00 00 01 07 12 00 06 41 30 11 32 78 90 51 59 86 75 08 11
00 00 00 00 00 00 00 00 00 00 00 00 00 00 00 00 00 14 38 45 68 52 41 27 50 25 17 75 91 25 45 78 78 10 00 00 00 05 03 01 00 04 01 04 00 00 00 02 00 00 00 00 01 04 09 05 00 02 20 18 20 44 12 16 13 34 14 22 79 40 54 69 42 80 87 32 00 02 06 03 38 54 29 95 87 55 13 80 45 31 16 42 32 48 32 00
00 00 00 00 00 00 00 00 00 00 00 00 00 00 00 00 00 00 28 72 43 16 31 60 52 67 76 76 48 56 30 64 63 52 16 00 01 00 02 00 04 03 00 04 00 09 00 01 00 00 00 00 01 00 01 01 01 01 02 05 42 15 34 14 20 17 11 16 28 73 46 46 37 28 78 32 06 61 40 05 56 38 43 84 39 68 06 44 61 80 36 73 26 61 50 06
00 00 00 00 00 00 00 00 00 00 00 00 00 00 00 00 00 17 20 70 43 74 43 19 78 96 56 47 70 96 50 34 35 85 41 05 00 02 00 02 01 09 07 01 00 06 01 00 00 00 00 00 02 01 05 05 01 01 01 00 16 60 44 50 41 20 10 03 28 88 52 79 41 58 42 86 70 16 26 41 47 38 39 92 56 63 37 53 41 49 35 39 37 46 32 36
00 00 00 00 00 00 00 00 00 00 00 00 00 00 00 00 00 00 19 29 51 35 38 65 100 68 28 82 56 58 23 57 63 69 38 20 01 02 00 01 29 04 08 07 01 02 00 01 00 00 03 00 01 00 09 01 03 00 03 00 02 19 36 19 47 12 11 89 46 58 85 48 58 89 25 48 63 53 57 72 55 53 14 93 88 69 84 91 81 20 21 55 54 19 05 02
00 00 00 00 00 00 00 00 00 00 00 00 00 00 00 00 00 00 00 00 22 76 44 68 30 82 72 61 59 10 32 45 60 35 67 93 29 00 00 07 54 22 07 02 03 00 00 03 00 00 00 03 03 00 00 00 02 05 00 02 00 00 16 16 14 63 19 51 76 23 31 88 56 74 44 27 46 67 51 05 93 18 06 72 71 52 49 41 56 65 86 92 17 34 08 14
00 00 00 00 00 00 00 00 00 00 00 00 00 00 00 00 00 00 00 00 00 14 34 47 72 70 70 15 28 78 60 62 30 70 72 46 22 20 00 13 23 17 01 00 08 03 00 03 06 00 00 00 02 00 01 01 02 04 03 01 14 00 01 31 10 65 25 59 82 90 22 92 87 20 18 66 40 93 42 41 57 67 08 14 55 57 59 28 10 98 100 88 34 53 21 87
00 00 00 00 00 00 00 00 00 00 00 00 00 00 00 00 00 00 00 00 00 00 31 08 77 85 37 56 93 92 66 20 33 69 52 22 75 58 00 00 20 26 16 03 01 02 00 00 02 00 00 00 00 00 00 00 00 02 00 01 01 00 00 08 41 18 76 52 65 91 79 62 69 90 28 66 75 53 100 81 53 67 84 71 83 53 72 45 10 100 93 70 12 77 94 100
00 00 00 00 00 00 00 00 00 00 00 01 00 00 00 00 00 00 00 00 00 00 14 73 78 43 76 58 73 77 22 80 57 28 47 55 46 24 33 15 00 02 00 01 02 01 01 00 03 00 00 00 00 00 00 00 01 02 03 00 00 00 00 00 10 08 10 91 83 31 83 78 05 97 75 53 14 42 77 72 43 79 96 89 77 92 51 33 14 98 71 93 88 58 79 81
00 00 00 00 00 00 00 00 08 00 00 00 00 00 00 00 00 00 00 00 00 00 00 10 37 73 72 86 21 74 84 61 43 46 68 41 37 66 14 38 02 01 12 01 06 09 01 00 00 01 00 00 00 00 00 00 00 00 00 00 01 00 00 00 00 00 01 38 78 61 59 82 76 51 87 51 00 57 55 70 80 45 88 85 95 41 74 03 29 39 74 87 86 31 94 84
00 00 00 00 01 00 01 23 18 04 07 00 00 04 01 01 22 06 00 00 00 00 00 07 61 64 82 63 51 59 87 31 38 57 54 27 34 61 12 80 50 01 04 33 14 00 00 00 00 00 00 00 00 00 00 00 00 00 00 00 00 00 00 00 00 03 00 09 10 76 46 94 89 68 87 100 20 18 72 40 100 92 71 97 97 64 65 55 90 94 55 90 40 43 86 67
01 00 08 34 35 15 48 17 04 04 06 25 18 54 27 32 40 34 23 00 00 00 00 03 12 68 20 47 72 65 33 58 36 59 24 48 58 35 22 72 64 61 00 08 17 04 00 00 02 00 00 00 00 00 00 00 00 00 00 00 00 00 00 00 00 00 00 00 00 26 63 33 75 64 50 60 60 04 77 53 59 93 76 53 87 92 88 93 91 62 74 94 63 80 94 92
02 20 26 77 61 24 33 48 45 17 55 50 25 41 16 29 40 27 14 02 00 00 00 00 05 50 58 51 81 18 24 32 32 13 69 74 38 50 38 74 45 42 56 00 03 15 02 02 00 01 00 00 00 00 00 00 00 00 00 00 00 00 00 00 00 00 00 00 02 14 75 91 16 91 70 57 57 41 39 91 50 69 98 47 69 62 56 60 66 64 85 77 64 54 100 87
