cartolidar/data/other/asc_other/476_4576_2017_Alt95.asc
ncols 200 
nrows 200 
xllcenter 476005.000 
yllcenter 4574005.000 
cellsize 10.000 
nodata_value -9999 
[rows 111 to 147 of 200, columns 83 to 165 of 200]
11.53 11.73 9.77 11.17 10.72 11.25 10.99 9.02 9.52 9.93 10.42 10.86 9.53 10.46 9.11 0.99 8.66 9.75 12.07 10.84 3.65 2.06 5.52 9.74 10.81 9.52 11.37 12.12 12.30 12.66 12.19 13.40 11.79 12.19 12.60 14.16 13.30 10.38 8.53 8.10 2.75 7.53 27.55 31.13 32.07 32.32 32.31 26.64 18.26 13.04 6.84 1.97 2.91 5.77 4.34 4.07 4.95 2.49 2.52 1.90 6.43 0.89 3.43 0.81 6.31 6.09 3.10 6.07 5.25 4.53 2.46 4.09 1.46 2.98 4.97 3.36 0.65 1.34 1.42 0.78 0.44 2.74 5.15
11.02 10.19 10.01 10.45 11.27 9.24 9.77 9.88 8.56 9.71 10.23 11.02 9.55 8.93 8.89 8.77 3.72 11.90 12.76 10.99 10.57 5.41 4.11 5.63 10.22 10.36 11.63 12.36 13.11 10.89 12.21 11.22 10.74 12.33 13.59 13.39 13.61 12.63 11.71 5.49 2.68 4.15 8.87 17.05 30.37 27.19 19.67 5.25 2.06 5.03 8.05 2.36 4.42 4.21 4.63 5.40 4.26 5.13 1.69 6.20 7.47 7.41 8.26 0.88 7.44 7.58 5.42 5.97 4.16 2.02 4.22 4.08 2.66 2.50 3.69 3.61 0.96 0.62 1.20 3.53 3.38 3.77 4.14
11.05 9.99 10.17 10.68 11.48 10.33 9.72 0.36 7.49 9.69 10.32 10.73 8.93 0.44 10.17 10.01 9.39 9.32 11.81 11.99 10.41 10.07 4.18 5.69 9.18 10.91 10.12 11.72 13.18 12.41 12.38 9.91 9.59 10.86 12.84 12.99 11.41 11.25 10.46 10.34 3.77 0.20 2.44 3.79 0.40 0.99 0.85 1.97 1.45 0.69 4.52 5.78 3.75 2.48 3.56 6.60 4.91 4.57 5.17 5.42 5.14 6.62 4.28 6.14 5.94 6.27 4.84 3.32 5.52 0.80 1.65 2.10 0.96 2.70 2.81 4.30 4.54 1.43 4.59 2.59 2.44 3.37 2.52
10.16 10.42 9.24 11.56 10.98 9.46 10.90 8.79 9.26 10.45 10.22 10.68 10.59 11.59 9.34 6.34 10.61 11.83 12.23 10.97 11.60 9.65 3.96 9.21 6.41 12.07 7.42 10.82 10.62 11.12 10.38 9.62 10.67 11.65 12.88 12.28 10.77 8.11 12.13 13.67 4.47 5.41 3.75 5.77 1.21 0.45 0.44 0.92 1.20 0.66 6.78 4.32 2.52 2.61 3.29 4.53 2.48 4.39 6.82 6.03 4.05 1.96 0.57 8.31 4.00 5.80 5.57 4.57 2.74 2.15 1.89 0.74 8.43 4.00 4.77 5.13 4.50 4.40 7.44 4.46 2.99 2.83 3.36
11.43 10.24 10.70 10.95 10.62 10.23 8.69 9.37 9.76 9.61 10.76 10.50 11.22 10.35 8.95 9.99 9.52 10.37 13.06 14.80 14.44 1.33 1.97 6.49 2.81 9.61 10.07 11.61 9.61 9.30 10.51 8.26 10.30 11.95 11.54 13.33 12.90 13.65 13.65 10.60 3.48 3.47 3.34 2.17 0.63 0.24 0.88 0.75 10.79 0.44 8.24 3.77 4.32 3.50 1.94 5.39 3.88 4.79 4.35 5.59 4.71 4.31 4.27 4.61 5.49 7.12 5.65 3.94 2.69 2.58 0.70 1.13 6.69 2.77 1.51 4.08 2.00 0.80 6.59 5.19 1.30 0.83 0.98
11.05 10.77 10.64 10.46 10.37 9.69 9.20 9.25 8.85 9.36 11.43 10.58 10.21 10.34 8.51 10.26 7.41 1.79 6.21 12.99 13.37 14.00 12.56 12.61 12.73 4.64 5.35 10.79 10.98 10.59 9.75 9.09 11.01 10.93 14.56 13.41 12.48 13.31 11.73 9.51 10.61 5.70 2.48 8.04 7.17 0.17 0.66 7.82 12.81 8.06 8.96 5.92 5.13 4.98 6.12 2.49 4.61 1.64 5.00 6.95 7.32 5.25 5.11 5.69 4.78 5.73 6.54 3.75 5.20 1.66 1.33 2.38 2.28 0.87 2.61 1.00 0.97 1.18 0.82 1.61 1.20 1.05 1.79
10.88 10.52 11.24 10.97 10.16 10.60 10.52 9.11 8.76 9.90 9.80 8.87 9.89 9.53 10.95 9.95 10.87 1.27 4.68 4.49 5.61 14.16 9.60 7.51 11.67 5.03 7.21 10.21 10.14 12.15 10.35 11.45 11.80 11.36 12.14 14.14 11.86 11.92 11.02 9.50 6.46 7.13 3.64 2.32 6.74 14.60 17.75 9.37 13.84 13.84 10.90 11.71 13.01 12.95 8.04 6.15 4.14 6.81 4.08 2.75 1.47 6.10 5.64 3.98 1.60 3.34 3.94 7.12 5.36 4.07 4.34 4.36 2.69 3.20 0.79 4.39 1.98 0.72 1.03 1.28 2.04 1.36 1.01
10.51 11.32 9.91 9.64 10.78 9.94 8.90 9.58 9.12 6.78 8.77 9.66 9.52 10.46 6.86 10.08 9.63 11.40 4.26 4.21 3.08 3.23 9.79 4.26 13.17 12.01 12.14 11.66 11.76 11.29 11.73 12.13 11.44 11.00 10.66 12.18 12.99 12.55 11.27 7.05 5.65 7.06 9.92 4.32 3.03 11.79 12.88 11.22 10.40 12.85 10.40 8.11 4.66 11.52 8.79 4.75 8.31 2.34 6.67 3.07 5.17 4.73 5.83 5.87 5.12 2.28 1.98 2.26 1.77 4.44 1.35 4.05 1.96 1.74 3.48 3.71 3.01 3.96 4.73 0.80 0.82 0.84 2.24
10.42 10.45 9.76 9.56 10.16 9.29 9.41 9.57 8.68 9.05 8.69 9.71 8.80 9.73 10.88 11.22 10.46 11.21 6.78 4.57 4.25 5.42 7.29 13.70 13.14 11.34 11.33 11.85 11.72 10.78 11.34 12.51 12.01 10.13 12.46 12.97 11.96 12.25 10.91 9.27 3.53 8.22 3.74 11.20 13.50 8.93 10.36 11.73 10.18 10.30 10.24 8.72 6.89 9.92 7.38 12.01 12.83 9.68 0.69 5.52 3.47 5.85 6.27 6.72 4.34 2.12 3.88 2.70 3.20 1.75 1.39 1.10 4.45 1.01 3.28 3.49 3.60 3.02 2.98 3.37 1.69 0.77 1.02
10.16 10.99 10.19 9.71 10.70 9.58 9.92 9.77 9.25 9.57 9.23 1.14 10.13 9.95 9.28 10.04 9.86 9.45 1.01 5.34 7.47 12.10 12.37 11.94 12.71 11.84 12.13 12.40 12.75 13.43 11.36 9.83 12.23 11.87 13.24 13.25 11.74 11.17 10.56 11.50 2.19 7.72 7.57 5.82 12.72 10.14 9.31 10.68 8.51 10.40 10.39 7.81 7.22 9.42 7.27 10.94 12.65 12.31 9.63 6.41 4.58 6.41 5.57 6.01 1.68 2.57 2.14 3.40 4.48 2.26 1.86 1.38 3.94 4.65 4.90 1.45 2.24 5.46 4.28 3.07 1.45 0.92 0.81
11.30 10.63 9.82 10.37 9.61 9.27 10.17 8.97 9.00 9.01 9.26 0.33 0.55 10.27 10.37 8.56 9.72 7.48 5.29 5.58 10.83 8.46 12.16 13.02 13.41 12.44 11.93 12.88 13.97 11.33 12.67 11.91 13.08 11.65 11.94 11.39 11.89 11.09 11.95 8.67 6.08 8.67 5.89 3.98 11.85 6.40 0.42 0.27 7.57 0.11 14.31 8.10 7.69 9.39 2.11 6.37 9.58 10.77 10.24 9.26 7.32 4.40 6.79 2.60 4.29 1.72 3.14 1.86 1.16 1.12 1.73 2.76 3.00 3.62 3.83 1.85 3.72 0.78 2.12 1.13 1.40 1.66 0.63
10.45 9.73 10.03 9.94 9.81 9.34 9.44 9.31 9.54 9.17 8.55 8.32 0.63 7.88 9.00 6.80 9.64 7.81 4.54 3.63 0.72 4.95 5.28 6.79 10.22 12.72 12.01 9.12 12.83 12.15 11.79 10.58 12.61 11.49 13.06 11.10 11.30 11.85 9.45 10.14 7.79 2.68 6.73 7.88 8.43 4.19 1.35 0.35 0.33 0.26 12.41 12.14 14.53 11.60 2.81 1.34 4.56 8.03 7.65 8.40 8.16 10.62 3.48 3.77 2.54 1.56 2.53 1.13 1.39 0.79 2.17 4.41 4.23 6.55 4.64 1.15 3.41 2.31 1.04 1.15 1.63 2.20 2.52
9.03 10.17 10.73 9.94 8.73 9.61 9.80 9.94 10.26 8.45 8.00 8.07 6.43 1.86 9.61 2.36 8.83 4.67 5.82 0.56 0.87 4.41 2.27 3.29 13.65 12.43 8.97 14.86 11.91 10.82 13.67 10.98 11.80 2.98 9.97 12.84 10.25 9.74 8.68 9.77 7.56 7.26 5.48 6.22 7.09 3.68 3.20 2.01 0.43 0.34 29.19 24.40 11.58 9.66 21.57 21.87 20.61 22.41 9.07 10.39 6.34 5.48 3.50 4.67 2.45 3.48 1.88 2.04 1.16 1.94 2.68 3.30 1.01 2.22 1.99 4.81 1.26 1.01 1.47 2.19 3.00 1.94 1.34
9.93 10.36 9.30 9.98 10.27 8.43 9.10 9.11 9.00 8.05 8.01 9.21 7.96 4.86 9.65 8.19 7.96 9.57 10.80 5.29 4.78 4.11 9.29 9.28 13.00 11.88 11.39 11.57 1.91 13.09 7.17 9.77 8.42 9.72 10.81 12.86 11.05 11.24 9.60 9.01 11.46 5.14 6.99 3.72 7.18 4.88 8.71 5.13 3.44 6.33 26.16 23.70 3.95 12.17 21.91 24.59 21.69 23.31 17.48 8.50 7.10 7.64 -9999 -9999 2.50 4.17 2.03 1.52 1.54 1.76 1.41 3.80 6.79 0.97 3.17 1.99 3.42 2.91 1.03 3.33 3.31 2.90 1.48
9.19 9.57 9.37 9.10 9.36 9.70 9.16 8.41 8.46 7.47 8.45 8.91 8.52 4.40 9.93 7.72 9.82 9.51 3.25 6.08 8.65 4.16 7.87 8.09 13.19 13.87 3.19 5.80 6.68 12.29 8.20 6.96 11.38 10.18 11.98 7.35 10.66 10.30 10.32 9.30 10.96 4.97 5.59 8.04 4.77 3.58 9.97 12.30 10.96 2.19 6.68 9.58 7.80 14.36 17.26 19.82 18.19 21.83 14.05 5.75 7.70 8.86 -9999 -9999 5.17 4.04 2.19 3.64 1.18 1.47 2.38 3.39 3.66 2.19 4.46 3.94 2.70 2.95 2.48 3.53 1.69 1.94 1.14
7.98 9.34 9.09 8.63 8.55 9.06 7.64 8.13 8.63 9.10 7.45 8.50 8.16 8.68 7.47 7.48 1.53 6.44 2.93 3.89 11.09 12.60 7.22 11.24 11.98 10.59 10.21 9.45 9.77 6.18 8.22 3.94 9.65 11.81 9.74 9.19 10.22 10.17 10.23 9.11 6.70 7.23 1.06 5.90 3.76 5.29 2.77 9.23 6.63 3.98 3.15 6.03 2.45 6.62 15.17 15.69 19.61 14.96 13.92 9.79 7.66 7.78 1.70 2.45 3.16 3.84 3.17 5.00 3.67 0.97 0.92 0.93 4.62 4.50 3.17 4.31 2.87 1.89 3.14 2.49 1.86 4.16 2.23
4.82 6.65 8.25 8.01 8.73 8.09 8.20 8.40 9.44 8.37 7.83 7.21 7.97 8.70 8.35 9.31 2.37 0.75 4.30 6.71 8.97 10.33 5.69 10.62 10.78 8.33 8.32 10.03 8.27 8.85 11.07 11.78 10.35 10.87 9.98 7.87 9.50 9.54 9.83 6.83 3.84 3.42 2.51 3.41 2.72 1.18 0.73 3.35 5.92 8.61 2.62 4.94 0.22 10.70 0.56 8.68 23.66 13.61 14.18 9.21 7.43 4.25 1.66 3.44 1.57 0.88 5.89 1.00 3.38 1.38 0.76 2.28 2.76 4.30 4.21 4.68 3.24 1.26 4.06 3.02 0.72 2.76 0.95
3.34 4.91 7.37 7.35 7.91 8.03 8.19 8.40 8.46 8.36 8.16 6.73 7.81 7.69 8.96 8.25 6.83 0.47 5.38 9.72 5.95 10.00 10.81 4.67 10.38 7.19 7.35 8.55 8.67 9.52 8.64 10.34 10.83 9.69 9.56 9.79 9.39 8.39 3.60 8.76 9.22 4.87 2.21 4.02 6.54 0.74 3.25 1.58 6.05 5.48 7.55 11.94 14.39 14.64 11.01 21.56 18.94 16.18 14.77 12.23 0.56 1.05 1.52 3.37 1.73 1.73 1.02 2.25 4.59 1.18 0.78 2.53 3.78 3.52 3.36 4.41 1.54 2.81 3.89 4.31 4.10 2.92 2.50
2.39 0.80 1.01 7.33 8.18 8.10 7.75 7.79 8.35 7.17 7.13 6.46 7.32 6.44 7.59 8.74 6.79 4.96 4.13 10.69 5.37 10.67 12.48 7.87 12.41 5.08 9.96 10.46 11.61 9.13 9.03 6.47 8.06 10.49 10.17 7.80 9.91 7.99 7.50 7.08 4.58 2.95 0.56 1.26 0.84 0.48 0.74 1.61 4.74 6.05 8.09 13.64 15.27 13.03 9.22 19.01 9.77 15.16 14.22 2.74 4.07 2.50 1.22 1.13 1.41 2.19 1.11 1.67 1.64 5.32 1.26 3.29 2.51 2.69 3.84 3.53 5.40 4.88 3.42 4.06 4.66 0.97 1.86
2.65 2.30 0.73 0.50 7.52 7.52 7.97 7.90 6.96 6.81 7.26 6.18 7.00 4.84 4.34 5.80 7.84 2.86 9.38 13.38 1.22 9.33 6.38 12.32 13.45 10.66 14.20 13.08 11.86 10.13 7.79 10.52 9.32 9.63 9.16 9.09 6.99 7.79 2.74 2.08 4.06 0.96 0.55 1.12 4.02 1.66 6.42 4.11 -9999 -9999 10.09 15.96 15.87 16.32 14.97 26.01 16.94 8.71 1.74 3.99 5.10 2.51 1.86 1.89 1.70 1.69 1.23 0.98 2.31 1.09 1.28 0.75 2.99 4.45 1.86 1.35 3.18 5.32 4.42 1.02 4.41 2.66 2.00
1.82 2.03 2.49 1.99 3.85 6.14 7.62 7.70 6.99 6.45 5.46 6.58 7.24 5.23 1.07 0.86 6.04 6.27 9.53 12.18 10.07 4.43 14.29 13.49 12.67 11.58 10.91 4.43 11.71 11.20 10.68 9.88 11.03 9.25 7.73 9.27 8.58 4.39 2.71 5.00 1.11 4.58 1.44 1.03 3.88 3.99 5.81 1.86 6.36 7.26 5.63 15.34 16.80 17.09 17.62 22.97 17.84 0.18 1.92 4.19 2.01 2.25 0.56 1.43 3.64 2.72 1.60 0.98 1.81 1.58 0.77 4.41 2.84 4.25 1.08 2.30 3.47 3.87 2.81 5.18 4.30 2.95 2.21
1.23 2.62 2.33 1.68 3.19 3.11 6.49 0.82 6.84 6.62 6.78 8.66 7.46 6.61 5.22 7.52 0.72 7.30 8.76 9.02 6.63 11.58 13.53 7.28 11.84 12.83 7.19 7.35 8.69 10.03 10.67 5.38 11.45 11.30 8.81 10.63 10.06 3.22 1.22 2.14 3.62 4.38 1.20 0.98 2.03 0.60 1.02 6.88 4.70 5.52 0.55 15.46 17.92 17.75 19.14 18.50 14.89 0.24 1.53 4.08 4.00 2.52 0.50 1.35 2.08 3.10 1.32 1.83 1.19 7.06 2.73 1.57 2.99 2.18 3.04 2.23 3.90 3.46 2.61 1.91 0.77 1.35 0.62
2.70 2.43 0.69 1.40 3.24 3.98 6.35 2.42 5.10 7.01 7.63 7.62 6.16 8.54 5.11 2.96 6.24 4.30 5.89 9.34 7.62 12.66 13.67 9.37 13.31 11.48 8.43 7.44 1.02 10.59 12.25 11.33 9.70 8.44 11.30 9.57 2.01 6.71 6.72 2.23 5.17 3.52 3.96 2.50 1.93 4.22 4.62 2.61 4.06 2.23 -9999 -9999 18.36 -9999 -9999 18.50 0.10 0.13 0.73 3.17 3.49 3.85 0.64 1.38 1.95 10.24 2.81 1.26 1.46 7.58 0.92 0.50 2.83 2.39 1.50 2.78 4.31 2.92 4.02 0.67 0.93 4.01 0.95
2.44 0.80 1.58 1.99 3.34 3.77 4.07 3.42 7.04 6.31 3.77 5.93 4.46 7.06 7.56 4.53 6.72 6.97 6.63 4.04 6.26 8.30 9.77 8.83 10.02 10.02 11.94 12.52 13.22 10.97 10.93 11.78 8.95 9.12 5.97 10.10 7.21 6.23 4.77 5.12 6.28 5.35 1.53 7.69 7.48 8.92 5.47 5.09 5.98 5.67 -9999 -9999 13.68 -9999 -9999 5.36 1.72 0.10 0.88 2.95 3.26 1.28 0.71 1.27 2.51 10.41 5.53 2.21 1.43 1.79 0.80 0.63 0.99 3.36 1.10 3.46 1.32 1.61 0.81 2.08 1.98 3.28 1.50
1.27 1.26 3.24 2.64 3.44 3.19 7.19 8.12 7.80 8.47 6.54 7.10 6.78 4.79 4.42 5.22 4.60 2.56 8.50 9.55 9.59 10.68 8.18 10.10 11.75 10.56 11.23 9.90 11.54 11.11 10.74 11.44 10.84 9.55 2.36 6.78 7.26 7.37 7.23 6.04 6.44 8.36 1.68 0.95 12.79 12.16 10.17 11.44 12.42 0.61 1.32 -9999 -9999 -9999 -9999 3.97 1.64 0.13 10.59 9.26 7.03 1.06 0.44 1.07 6.01 2.67 2.27 2.31 10.52 2.99 2.00 1.12 1.70 1.46 1.03 0.91 1.57 0.96 0.90 0.92 0.72 3.02 1.46
1.31 3.35 3.99 3.39 2.99 4.75 7.64 7.24 7.35 9.29 8.02 7.70 3.10 7.93 5.59 5.80 7.22 7.76 7.49 7.96 8.76 12.09 8.28 10.50 10.67 10.55 10.08 12.64 10.52 11.23 10.64 11.58 9.81 10.90 7.96 5.81 7.04 2.32 7.79 4.07 4.60 4.89 5.66 0.20 1.99 14.73 16.18 14.57 2.40 3.46 3.81 -9999 3.88 10.27 7.33 0.24 4.88 1.85 7.97 9.48 6.49 1.00 0.52 0.80 2.31 2.51 5.57 1.61 4.15 2.81 2.10 0.86 1.80 0.94 0.95 1.07 0.80 2.25 0.91 3.00 1.50 1.38 1.41
1.08 4.26 1.12 3.44 3.30 7.27 7.27 6.51 7.61 7.71 7.55 8.29 5.69 7.38 5.65 5.71 8.09 8.77 8.34 9.38 9.89 9.10 8.70 9.90 9.69 10.87 10.72 10.42 9.25 12.03 11.18 11.74 12.95 6.02 6.99 7.80 8.63 7.65 2.67 10.86 10.26 5.65 3.96 11.52 0.12 12.20 13.86 13.89 12.15 13.13 9.33 3.29 17.47 19.48 6.63 6.19 1.29 1.88 14.60 10.15 3.34 0.93 0.52 1.05 0.87 3.64 5.60 3.90 3.26 2.24 4.84 2.94 3.30 0.79 0.87 0.98 3.52 0.94 0.75 4.23 1.40 1.09 1.67
2.28 4.12 1.14 3.12 2.54 2.70 7.01 5.73 6.87 7.68 9.01 8.30 6.68 6.65 7.74 9.04 3.09 9.11 9.49 8.25 7.99 8.97 10.57 10.87 10.95 9.35 10.70 9.48 12.49 9.55 11.37 10.22 9.65 5.35 5.53 7.36 3.48 4.20 3.23 10.71 10.47 11.32 11.60 12.62 12.29 17.22 14.09 14.64 15.22 14.48 26.33 26.83 26.71 21.89 6.71 3.15 8.51 3.67 14.42 10.83 4.66 3.27 0.49 0.57 0.93 3.40 4.93 4.49 2.11 2.15 2.95 1.44 0.85 0.79 1.06 1.00 1.29 2.79 2.92 0.86 0.52 2.09 3.01
2.09 1.94 1.05 8.05 8.43 7.88 5.14 7.65 6.44 7.65 8.26 7.99 9.62 0.43 4.80 1.69 9.22 8.48 3.69 2.78 2.42 7.51 11.61 10.89 8.55 10.54 10.29 9.18 9.57 12.54 10.77 10.13 7.73 9.46 5.41 6.96 5.69 0.54 10.73 0.28 0.32 9.56 11.68 10.51 16.80 19.50 17.90 13.00 13.71 12.39 23.28 26.45 21.72 18.36 1.31 0.21 7.69 8.74 5.16 6.39 3.85 4.52 1.26 0.96 2.12 2.80 4.60 1.23 0.96 1.84 7.81 4.95 1.38 1.92 1.21 1.28 0.78 0.66 0.75 3.57 0.79 0.55 4.00
2.85 3.23 1.01 5.35 7.95 1.07 6.25 6.36 6.90 7.58 4.84 9.61 10.16 7.84 7.80 7.97 7.15 8.04 9.05 8.42 8.88 8.03 9.20 10.51 10.04 9.77 9.84 9.86 10.29 8.40 12.61 13.62 8.55 4.47 3.21 8.01 9.90 1.49 11.74 0.45 0.71 0.18 0.48 0.51 12.05 17.28 15.08 7.30 1.29 13.94 11.06 5.09 12.55 11.69 9.16 7.98 6.79 5.95 2.39 3.23 2.68 1.96 0.86 4.58 0.80 1.46 4.91 3.83 2.99 0.99 1.42 2.26 2.00 3.13 0.83 1.13 1.37 0.85 0.89 0.58 1.12 2.48 0.85
1.84 3.47 4.01 2.69 7.64 6.45 1.24 6.78 7.39 9.23 7.51 8.58 7.50 6.03 4.13 5.90 7.00 8.35 8.29 9.81 7.72 8.99 10.34 11.27 11.40 11.52 10.45 10.62 10.65 12.51 13.67 3.03 9.65 2.78 4.13 7.61 8.45 8.72 14.75 16.39 13.80 10.83 0.37 8.60 5.70 14.38 10.85 5.75 1.11 12.43 12.97 13.95 15.60 11.19 9.21 6.31 2.65 7.47 1.96 1.01 0.55 0.76 0.80 2.60 0.51 1.18 5.06 4.65 3.65 1.07 6.66 7.32 3.93 2.69 0.87 3.27 1.13 1.33 1.55 0.86 2.98 1.70 3.65
2.99 4.75 2.99 1.06 7.77 7.74 6.59 5.49 6.34 8.05 2.92 1.16 9.17 8.23 8.36 8.18 7.47 8.59 6.55 6.90 9.95 9.33 10.70 11.88 13.72 11.72 11.45 10.36 12.47 13.19 14.54 5.08 2.51 1.92 1.44 3.86 4.89 4.54 10.02 12.25 11.33 9.75 4.48 31.07 24.15 13.54 8.81 7.05 0.50 1.44 9.80 8.01 9.96 9.16 7.02 8.05 5.80 3.64 4.06 5.86 1.47 0.48 0.56 0.53 2.85 0.53 2.24 2.42 2.00 1.03 3.16 1.76 2.62 2.45 0.97 0.69 1.02 0.72 1.04 0.60 1.13 1.12 0.84
4.44 3.97 2.16 1.27 7.66 7.51 7.17 5.45 5.40 6.33 7.31 8.74 6.69 7.99 6.50 7.84 7.82 9.38 6.16 8.21 9.29 8.80 10.52 10.29 13.59 13.96 11.93 9.38 14.46 12.61 15.20 8.37 1.17 3.38 3.28 7.22 2.81 2.96 7.79 5.99 9.89 3.85 4.40 33.11 29.40 23.30 4.12 10.49 4.61 13.63 12.04 11.32 8.78 8.65 7.52 4.77 1.50 3.51 2.68 1.07 0.51 0.40 0.46 0.65 3.77 0.98 6.53 3.36 2.06 1.72 3.53 3.95 1.63 3.92 3.96 1.60 1.70 0.76 0.81 1.04 1.18 1.12 0.75
4.25 3.90 3.40 2.89 5.26 7.73 6.87 0.42 4.06 6.02 6.42 6.96 7.81 7.61 8.28 6.69 7.39 8.07 7.42 8.31 8.96 9.32 10.56 11.51 12.68 11.91 11.58 13.73 6.34 12.50 10.49 6.41 4.71 2.97 1.91 5.45 7.72 6.47 3.77 10.41 11.22 9.29 7.64 23.21 29.66 2.53 11.08 4.79 13.23 12.30 13.39 9.75 10.95 13.28 5.43 3.77 4.70 3.18 3.70 1.05 3.75 0.43 0.36 0.43 3.33 0.44 4.43 1.51 2.27 1.90 1.34 2.85 2.52 1.84 1.83 2.39 0.95 0.96 4.44 1.17 0.61 0.88 1.37
2.03 3.11 3.28 4.05 1.70 7.06 6.13 1.21 0.63 0.45 2.93 7.71 8.86 6.93 8.11 3.98 7.52 7.48 2.42 8.59 8.21 9.33 10.15 9.81 10.53 10.61 12.41 12.46 14.17 12.86 3.08 2.60 1.33 1.24 1.68 3.09 4.89 9.29 7.25 14.22 14.53 14.33 11.46 28.45 23.95 11.81 3.17 4.40 14.70 11.95 8.15 6.78 6.91 5.30 3.63 4.22 1.40 1.76 2.48 1.55 0.58 0.45 0.34 0.39 0.33 0.67 2.04 3.39 2.54 1.12 1.51 1.26 5.97 6.13 4.85 4.95 1.60 0.83 0.83 0.79 1.71 1.07 1.39
1.24 1.83 2.93 4.68 1.97 6.05 8.31 7.91 6.80 1.42 5.24 8.48 6.07 8.01 7.58 7.69 7.53 5.94 8.73 8.03 9.53 9.33 10.14 10.31 10.52 12.83 13.17 4.91 12.73 11.56 1.50 6.55 2.45 1.89 6.02 6.49 5.06 11.10 13.96 2.44 14.55 9.95 0.09 0.26 11.02 9.64 3.10 4.47 14.01 15.14 10.72 6.84 4.60 3.55 3.94 4.37 1.71 0.76 0.66 0.63 0.51 0.46 0.44 0.41 1.68 3.30 1.26 1.21 2.27 1.51 0.85 0.56 1.40 1.88 2.36 3.35 2.89 3.09 1.90 0.90 0.76 1.21 1.20
2.57 1.07 1.49 4.89 5.29 2.91 2.48 2.16 2.88 1.74 7.15 8.58 7.63 7.31 7.32 0.59 4.85 6.67 8.08 2.62 8.83 7.62 10.09 9.34 12.40 13.53 11.55 12.14 8.68 11.41 1.23 9.31 1.09 1.34 6.08 2.92 11.81 10.10 10.99 5.84 11.87 7.19 1.69 3.23 9.32 10.45 2.65 2.89 5.11 6.67 3.76 5.15 8.18 3.86 3.26 5.18 2.10 0.82 0.48 0.47 3.49 0.38 0.44 0.40 0.32 2.81 1.12 0.74 1.66 2.05 0.94 1.66 1.40 2.65 2.10 2.14 1.22 2.19 1.56 0.80 1.33 3.03 1.18
